0.0000	-0.0000
0.0250	-0.2878
0.0500	-0.3844
0.0750	-0.4334
0.1000	-0.4634
0.1250	-0.4843
0.1500	-0.5001
0.1750	-0.5129
0.2000	-0.5240
0.2250	-0.5338
0.2500	-0.5430
0.2750	-0.5517
0.3000	-0.5601
0.3250	-0.5683
0.3500	-0.5765
0.3750	-0.5847
0.4000	-0.5929
0.4250	-0.6013
0.4500	-0.6099
0.4750	-0.6188
0.5000	-0.6279
0.5250	-0.6373
0.5500	-0.6467
0.5750	-0.6562
0.6000	-0.6656
0.6250	-0.6749
0.6500	-0.6840
0.6750	-0.6931
0.7000	-0.7020
0.7250	-0.7108
0.7500	-0.7198
0.7750	-0.7290
0.8000	-0.7386
0.8250	-0.7489
0.8500	-0.7596
0.8750	-0.7705
0.9000	-0.7811
0.9250	-0.7912
0.9500	-0.8003
0.9750	-0.8088
1.0000	-0.8170
1.0250	-0.8251
1.0500	-0.8336
1.0750	-0.8425
1.1000	-0.8515
1.1250	-0.8604
1.1500	-0.8690
1.1750	-0.8769
1.2000	-0.8841
1.2250	-0.8903
1.2500	-0.8955
1.2750	-0.8996
1.3000	-0.9024
1.3250	-0.9043
1.3500	-0.9055
1.3750	-0.9064
1.4000	-0.9071
1.4250	-0.9082
1.4500	-0.9101
1.4750	-0.9134
1.5000	-0.9187
1.5250	-0.9262
1.5500	-0.9348
1.5750	-0.9428
1.6000	-0.9486
1.6250	-0.9505
1.6500	-0.9481
1.6750	-0.9428
1.7000	-0.9365
1.7250	-0.9310
1.7500	-0.9278
1.7750	-0.9267
1.8000	-0.9256
1.8250	-0.9227
1.8500	-0.9161
1.8750	-0.9048
1.9000	-0.8905
1.9250	-0.8757
1.9500	-0.8629
1.9750	-0.8544
2.0000	-0.8497
2.0250	-0.8446
2.0500	-0.8346
2.0750	-0.8152
2.1000	-0.7826
2.1250	-0.7376
2.1500	-0.6833
2.1750	-0.6231
2.2000	-0.5598
2.2250	-0.4946
2.2500	-0.4224
2.2750	-0.3375
2.3000	-0.2342
2.3250	-0.1069
2.3500	0.0438
2.3750	0.2122
2.4000	0.3922
2.4250	0.5778
2.4500	0.7625
2.4750	0.9368
2.5000	1.0903
2.5250	1.2126
2.5500	1.2933
2.5750	1.3275
2.6000	1.3194
2.6250	1.2740
2.6500	1.1965
2.6750	1.0926
2.7000	0.9723
2.7250	0.8489
2.7500	0.7356
2.7750	0.6456
2.8000	0.5883
2.8250	0.5592
2.8500	0.5510
2.8750	0.5561
2.9000	0.5671
2.9250	0.5790
2.9500	0.5894
2.9750	0.5962
3.0000	0.5971
3.0250	0.5904
3.0500	0.5770
3.0750	0.5588
3.1000	0.5380
3.1250	0.5166
3.1500	0.4952
3.1750	0.4706
3.2000	0.4395
3.2250	0.3981
3.2500	0.3432
3.2750	0.2752
3.3000	0.1983
3.3250	0.1166
3.3500	0.0341
3.3750	-0.0452
3.4000	-0.1189
3.4250	-0.1851
3.4500	-0.2419
3.4750	-0.2871
3.5000	-0.3208
3.5250	-0.3455
3.5500	-0.3643
3.5750	-0.3802
3.6000	-0.3959
3.6250	-0.4118
3.6500	-0.4267
3.6750	-0.4393
3.7000	-0.4485
3.7250	-0.4534
3.7500	-0.4551
3.7750	-0.4550
3.8000	-0.4544
3.8250	-0.4548
3.8500	-0.4568
3.8750	-0.4605
3.9000	-0.4658
3.9250	-0.4726
3.9500	-0.4808
3.9750	-0.4885
4.0000	-0.4934
4.0250	-0.4930
4.0500	-0.4852
4.0750	-0.4689
4.1000	-0.4466
4.1250	-0.4216
4.1500	-0.3967
4.1750	-0.3750
4.2000	-0.3572
4.2250	-0.3424
4.2500	-0.3296
4.2750	-0.3178
4.3000	-0.3058
4.3250	-0.2918
4.3500	-0.2737
4.3750	-0.2493
4.4000	-0.2166
4.4250	-0.1755
4.4500	-0.1295
4.4750	-0.0820
4.5000	-0.0368
4.5250	0.0028
4.5500	0.0366
4.5750	0.0663
4.6000	0.0933
4.6250	0.1194
4.6500	0.1457
4.6750	0.1714
4.7000	0.1957
4.7250	0.2174
4.7500	0.2356
4.7750	0.2505
4.8000	0.2639
4.8250	0.2775
4.8500	0.2929
4.8750	0.3115
4.9000	0.3317
4.9250	0.3507
4.9500	0.3657
4.9750	0.3740
5.0000	0.3743
5.0250	0.3685
5.0500	0.3591
5.0750	0.3484
5.1000	0.3390
5.1250	0.3312
5.1500	0.3242
5.1750	0.3172
5.2000	0.3093
5.2250	0.3001
5.2500	0.2917
5.2750	0.2870
5.3000	0.2890
5.3250	0.3002
5.3500	0.3193
5.3750	0.3384
5.4000	0.3490
5.4250	0.3429
5.4500	0.3128
5.4750	0.2627
5.5000	0.2027
5.5250	0.1431
5.5500	0.0941
5.5750	0.0621
5.6000	0.0430
5.6250	0.0306
5.6500	0.0187
5.6750	0.0012
5.7000	-0.0240
5.7250	-0.0550
5.7500	-0.0897
5.7750	-0.1260
5.8000	-0.1616
5.8250	-0.1939
5.8500	-0.2197
5.8750	-0.2362
5.9000	-0.2403
5.9250	-0.2324
5.9500	-0.2196
5.9750	-0.2097
6.0000	-0.2103
6.0250	-0.2286
6.0500	-0.2612
6.0750	-0.2974
6.1000	-0.3263
6.1250	-0.3372
6.1500	-0.3231
6.1750	-0.2922
6.2000	-0.2569
6.2250	-0.2294
6.2500	-0.2213
6.2750	-0.2352
6.3000	-0.2602
6.3250	-0.2849
6.3500	-0.2977
6.3750	-0.2887
6.4000	-0.2606
6.4250	-0.2225
6.4500	-0.1838
6.4750	-0.1534
6.5000	-0.1368
6.5250	-0.1297
6.5500	-0.1263
6.5750	-0.1209
6.6000	-0.1079
6.6250	-0.0866
6.6500	-0.0611
6.6750	-0.0353
6.7000	-0.0133
6.7250	0.0017
6.7500	0.0108
6.7750	0.0169
6.8000	0.0225
6.8250	0.0305
6.8500	0.0424
6.8750	0.0583
6.9000	0.0777
6.9250	0.1006
6.9500	0.1264
6.9750	0.1544
7.0000	0.1831
7.0250	0.2110
7.0500	0.2370
7.0750	0.2594
7.1000	0.2760
7.1250	0.2846
7.1500	0.2829
7.1750	0.2688
7.2000	0.2433
7.2250	0.2117
7.2500	0.1797
7.2750	0.1526
7.3000	0.1349
7.3250	0.1262
7.3500	0.1234
7.3750	0.1236
7.4000	0.1240
7.4250	0.1224
7.4500	0.1183
7.4750	0.1117
7.5000	0.1023
7.5250	0.0902
7.5500	0.0754
7.5750	0.0585
7.6000	0.0400
7.6250	0.0204
7.6500	0.0002
7.6750	-0.0186
7.7000	-0.0340
7.7250	-0.0440
7.7500	-0.0467
7.7750	-0.0422
7.8000	-0.0343
7.8250	-0.0272
7.8500	-0.0248
7.8750	-0.0305
7.9000	-0.0429
7.9250	-0.0577
7.9500	-0.0704
7.9750	-0.0769
8.0000	-0.0746
8.0250	-0.0658
8.0500	-0.0538
8.0750	-0.0417
8.1000	-0.0327
8.1250	-0.0281
8.1500	-0.0277
8.1750	-0.0311
8.2000	-0.0378
8.2250	-0.0473
8.2500	-0.0576
8.2750	-0.0658
8.3000	-0.0695
8.3250	-0.0662
8.3500	-0.0555
8.3750	-0.0412
8.4000	-0.0278
8.4250	-0.0194
8.4500	-0.0197
8.4750	-0.0283
8.5000	-0.0408
8.5250	-0.0531
8.5500	-0.0613
8.5750	-0.0625
8.6000	-0.0579
8.6250	-0.0499
8.6500	-0.0407
8.6750	-0.0324
8.7000	-0.0267
8.7250	-0.0251
8.7500	-0.0287
8.7750	-0.0386
8.8000	-0.0556
8.8250	-0.0761
8.8500	-0.0942
8.8750	-0.1042
8.9000	-0.1011
8.9250	-0.0823
8.9500	-0.0528
8.9750	-0.0193
9.0000	0.0124
9.0250	0.0370
9.0500	0.0521
9.0750	0.0592
9.1000	0.0599
9.1250	0.0558
9.1500	0.0481
9.1750	0.0381
9.2000	0.0267
9.2250	0.0150
9.2500	0.0038
9.2750	-0.0058
9.3000	-0.0128
9.3250	-0.0157
9.3500	-0.0138
9.3750	-0.0060
9.4000	0.0066
9.4250	0.0216
9.4500	0.0371
9.4750	0.0509
9.5000	0.0617
9.5250	0.0689
9.5500	0.0724
9.5750	0.0721
9.6000	0.0681
9.6250	0.0609
9.6500	0.0523
9.6750	0.0438
9.7000	0.0370
9.7250	0.0327
9.7500	0.0307
9.7750	0.0297
9.8000	0.0285
9.8250	0.0262
9.8500	0.0225
9.8750	0.0180
9.9000	0.0139
9.9250	0.0107
9.9500	0.0093
9.9750	0.0094
10.0000	0.0100
10.0250	0.0102
10.0500	0.0094
10.0750	0.0070
10.1000	0.0035
10.1250	-0.0002
10.1500	-0.0035
10.1750	-0.0060
10.2000	-0.0073
10.2250	-0.0078
10.2500	-0.0077
10.2750	-0.0071
10.3000	-0.0062
10.3250	-0.0053
10.3500	-0.0047
10.3750	-0.0047
10.4000	-0.0053
10.4250	-0.0066
10.4500	-0.0080
10.4750	-0.0093
10.5000	-0.0100
10.5250	-0.0100
10.5500	-0.0095
10.5750	-0.0089
10.6000	-0.0085
10.6250	-0.0085
10.6500	-0.0089
10.6750	-0.0096
10.7000	-0.0102
10.7250	-0.0106
10.7500	-0.0108
10.7750	-0.0108
10.8000	-0.0107
10.8250	-0.0107
10.8500	-0.0108
10.8750	-0.0109
10.9000	-0.0111
10.9250	-0.0112
10.9500	-0.0112
10.9750	-0.0112
11.0000	-0.0111
11.0250	-0.0110
11.0500	-0.0109
11.0750	-0.0107
11.1000	-0.0106
11.1250	-0.0103
11.1500	-0.0101
11.1750	-0.0098
11.2000	-0.0095
11.2250	-0.0092
11.2500	-0.0089
11.2750	-0.0085
11.3000	-0.0081
11.3250	-0.0077
11.3500	-0.0073
11.3750	-0.0069
11.4000	-0.0064
11.4250	-0.0060
11.4500	-0.0055
11.4750	-0.0050
11.5000	-0.0045
11.5250	-0.0040
11.5500	-0.0035
11.5750	-0.0030
11.6000	-0.0025
11.6250	-0.0020
11.6500	-0.0015
11.6750	-0.0010
11.7000	-0.0005
11.7250	-0.0000
11.7500	0.0005
11.7750	0.0009
11.8000	0.0014
11.8250	0.0019
11.8500	0.0023
11.8750	0.0027
11.9000	0.0031
11.9250	0.0035
11.9500	0.0039
11.9750	0.0043
12.0000	0.0046
12.0250	0.0049
12.0500	0.0052
12.0750	0.0055
12.1000	0.0058
12.1250	0.0060
12.1500	0.0062
12.1750	0.0064
12.2000	0.0066
12.2250	0.0068
12.2500	0.0069
12.2750	0.0070
12.3000	0.0071
12.3250	0.0071
12.3500	0.0071
12.3750	0.0072
12.4000	0.0071
12.4250	0.0071
12.4500	0.0070
12.4750	0.0070
12.5000	0.0069
12.5250	0.0067
12.5500	0.0066
12.5750	0.0064
12.6000	0.0063
12.6250	0.0061
12.6500	0.0059
12.6750	0.0056
12.7000	0.0054
12.7250	0.0051
12.7500	0.0049
12.7750	0.0046
12.8000	0.0043
12.8250	0.0040
12.8500	0.0037
12.8750	0.0033
12.9000	0.0030
12.9250	0.0027
12.9500	0.0024
12.9750	0.0020
13.0000	0.0017
13.0250	0.0013
13.0500	0.0010
13.0750	0.0007
13.1000	0.0003
13.1250	-0.0000
13.1500	-0.0003
13.1750	-0.0007
13.2000	-0.0010
13.2250	-0.0013
13.2500	-0.0016
13.2750	-0.0019
13.3000	-0.0022
13.3250	-0.0024
13.3500	-0.0027
13.3750	-0.0029
13.4000	-0.0032
13.4250	-0.0034
13.4500	-0.0036
13.4750	-0.0038
13.5000	-0.0040
13.5250	-0.0041
13.5500	-0.0043
13.5750	-0.0044
13.6000	-0.0045
13.6250	-0.0046
13.6500	-0.0047
13.6750	-0.0048
13.7000	-0.0048
13.7250	-0.0049
13.7500	-0.0049
13.7750	-0.0049
13.8000	-0.0049
13.8250	-0.0049
13.8500	-0.0048
13.8750	-0.0047
13.9000	-0.0047
13.9250	-0.0046
13.9500	-0.0045
13.9750	-0.0044
14.0000	-0.0042
14.0250	-0.0041
14.0500	-0.0039
14.0750	-0.0038
14.1000	-0.0036
14.1250	-0.0034
14.1500	-0.0032
14.1750	-0.0030
14.2000	-0.0028
14.2250	-0.0026
14.2500	-0.0024
14.2750	-0.0021
14.3000	-0.0019
14.3250	-0.0017
14.3500	-0.0014
14.3750	-0.0012
14.4000	-0.0010
14.4250	-0.0007
14.4500	-0.0005
14.4750	-0.0002
14.5000	0.0000
14.5250	0.0002
14.5500	0.0005
14.5750	0.0007
14.6000	0.0009
14.6250	0.0011
14.6500	0.0013
14.6750	0.0015
14.7000	0.0017
14.7250	0.0019
14.7500	0.0021
14.7750	0.0023
14.8000	0.0024
14.8250	0.0026
14.8500	0.0027
14.8750	0.0029
14.9000	0.0030
14.9250	0.0031
14.9500	0.0032
14.9750	0.0033
15.0000	0.0033
15.0250	0.0034
15.0500	0.0035
15.0750	0.0035
15.1000	0.0035
15.1250	0.0035
15.1500	0.0035
15.1750	0.0035
15.2000	0.0035
15.2250	0.0035
15.2500	0.0034
15.2750	0.0034
15.3000	0.0033
15.3250	0.0032
15.3500	0.0031
15.3750	0.0030
15.4000	0.0029
15.4250	0.0028
15.4500	0.0027
15.4750	0.0026
15.5000	0.0024
15.5250	0.0023
15.5500	0.0022
15.5750	0.0020
15.6000	0.0018
15.6250	0.0017
15.6500	0.0015
15.6750	0.0013
15.7000	0.0012
15.7250	0.0010
15.7500	0.0008
15.7750	0.0006
15.8000	0.0005
15.8250	0.0003
15.8500	0.0001
15.8750	-0.0001
15.9000	-0.0002
15.9250	-0.0004
15.9500	-0.0006
15.9750	-0.0007
16.0000	-0.0009
16.0250	-0.0011
16.0500	-0.0012
16.0750	-0.0013
16.1000	-0.0015
16.1250	-0.0016
16.1500	-0.0017
16.1750	-0.0019
16.2000	-0.0020
16.2250	-0.0021
16.2500	-0.0022
16.2750	-0.0023
16.3000	-0.0023
16.3250	-0.0024
16.3500	-0.0025
16.3750	-0.0025
16.4000	-0.0026
16.4250	-0.0026
16.4500	-0.0026
16.4750	-0.0026
16.5000	-0.0026
16.5250	-0.0026
16.5500	-0.0026
16.5750	-0.0026
16.6000	-0.0026
16.6250	-0.0026
16.6500	-0.0025
16.6750	-0.0025
16.7000	-0.0024
16.7250	-0.0023
16.7500	-0.0023
16.7750	-0.0022
16.8000	-0.0021
16.8250	-0.0020
16.8500	-0.0019
16.8750	-0.0018
16.9000	-0.0017
16.9250	-0.0016
16.9500	-0.0014
16.9750	-0.0013
17.0000	-0.0012
17.0250	-0.0011
17.0500	-0.0009
17.0750	-0.0008
17.1000	-0.0007
17.1250	-0.0005
17.1500	-0.0004
17.1750	-0.0003
17.2000	-0.0001
17.2250	0.0000
17.2500	0.0001
17.2750	0.0003
17.3000	0.0004
17.3250	0.0005
17.3500	0.0006
17.3750	0.0008
17.4000	0.0009
17.4250	0.0010
17.4500	0.0011
17.4750	0.0012
17.5000	0.0013
17.5250	0.0014
17.5500	0.0015
17.5750	0.0016
17.6000	0.0016
17.6250	0.0017
17.6500	0.0018
17.6750	0.0018
17.7000	0.0019
17.7250	0.0019
17.7500	0.0020
17.7750	0.0020
17.8000	0.0020
17.8250	0.0020
17.8500	0.0020
17.8750	0.0020
17.9000	0.0020
17.9250	0.0020
17.9500	0.0020
17.9750	0.0020
18.0000	0.0019
18.0250	0.0019
18.0500	0.0019
18.0750	0.0018
18.1000	0.0018
18.1250	0.0017
18.1500	0.0016
18.1750	0.0016
18.2000	0.0015
18.2250	0.0014
18.2500	0.0013
18.2750	0.0012
18.3000	0.0011
18.3250	0.0011
18.3500	0.0010
18.3750	0.0009
18.4000	0.0008
18.4250	0.0007
18.4500	0.0005
18.4750	0.0004
18.5000	0.0003
18.5250	0.0002
18.5500	0.0001
18.5750	0.0000
18.6000	-0.0001
18.6250	-0.0002
18.6500	-0.0003
18.6750	-0.0004
18.7000	-0.0005
18.7250	-0.0006
18.7500	-0.0007
18.7750	-0.0008
18.8000	-0.0008
18.8250	-0.0009
18.8500	-0.0010
18.8750	-0.0011
18.9000	-0.0012
18.9250	-0.0012
18.9500	-0.0013
18.9750	-0.0013
19.0000	-0.0014
19.0250	-0.0014
19.0500	-0.0015
19.0750	-0.0015
19.1000	-0.0015
19.1250	-0.0016
19.1500	-0.0016
19.1750	-0.0016
19.2000	-0.0016
19.2250	-0.0016
19.2500	-0.0016
19.2750	-0.0016
19.3000	-0.0016
19.3250	-0.0016
19.3500	-0.0015
19.3750	-0.0015
19.4000	-0.0015
19.4250	-0.0014
19.4500	-0.0014
19.4750	-0.0014
19.5000	-0.0013
19.5250	-0.0012
19.5500	-0.0012
19.5750	-0.0011
19.6000	-0.0011
19.6250	-0.0010
19.6500	-0.0009
19.6750	-0.0008
19.7000	-0.0008
19.7250	-0.0007
19.7500	-0.0006
19.7750	-0.0005
19.8000	-0.0004
19.8250	-0.0004
19.8500	-0.0003
19.8750	-0.0002
19.9000	-0.0001
19.9250	-0.0000
19.9500	0.0001
19.9750	0.0001
20.0000	0.0002
20.0250	0.0003
20.0500	0.0004
20.0750	0.0005
20.1000	0.0005
20.1250	0.0006
20.1500	0.0007
20.1750	0.0007
20.2000	0.0008
20.2250	0.0009
20.2500	0.0009
20.2750	0.0010
20.3000	0.0010
20.3250	0.0011
20.3500	0.0011
20.3750	0.0011
20.4000	0.0012
20.4250	0.0012
20.4500	0.0012
20.4750	0.0013
20.5000	0.0013
20.5250	0.0013
20.5500	0.0013
20.5750	0.0013
20.6000	0.0013
20.6250	0.0013
20.6500	0.0013
20.6750	0.0013
20.7000	0.0012
20.7250	0.0012
20.7500	0.0012
20.7750	0.0012
20.8000	0.0011
20.8250	0.0011
20.8500	0.0011
20.8750	0.0010
20.9000	0.0010
20.9250	0.0009
20.9500	0.0009
20.9750	0.0008
21.0000	0.0007
21.0250	0.0007
21.0500	0.0006
21.0750	0.0006
21.1000	0.0005
21.1250	0.0004
21.1500	0.0004
21.1750	0.0003
21.2000	0.0002
21.2250	0.0002
21.2500	0.0001
21.2750	0.0000
21.3000	-0.0000
21.3250	-0.0001
21.3500	-0.0002
21.3750	-0.0002
21.4000	-0.0003
21.4250	-0.0004
21.4500	-0.0004
21.4750	-0.0005
21.5000	-0.0005
21.5250	-0.0006
21.5500	-0.0007
21.5750	-0.0007
21.6000	-0.0007
21.6250	-0.0008
21.6500	-0.0008
21.6750	-0.0009
21.7000	-0.0009
21.7250	-0.0009
21.7500	-0.0010
21.7750	-0.0010
21.8000	-0.0010
21.8250	-0.0010
21.8500	-0.0010
21.8750	-0.0010
21.9000	-0.0011
21.9250	-0.0011
21.9500	-0.0011
21.9750	-0.0010
22.0000	-0.0010
22.0250	-0.0010
22.0500	-0.0010
22.0750	-0.0010
22.1000	-0.0010
22.1250	-0.0010
22.1500	-0.0009
22.1750	-0.0009
22.2000	-0.0009
22.2250	-0.0008
22.2500	-0.0008
22.2750	-0.0007
22.3000	-0.0007
22.3250	-0.0007
22.3500	-0.0006
22.3750	-0.0006
22.4000	-0.0005
22.4250	-0.0005
22.4500	-0.0004
22.4750	-0.0004
22.5000	-0.0003
22.5250	-0.0002
22.5500	-0.0002
22.5750	-0.0001
22.6000	-0.0001
22.6250	-0.0000
22.6500	0.0000
22.6750	0.0001
22.7000	0.0001
22.7250	0.0002
22.7500	0.0003
22.7750	0.0003
22.8000	0.0004
22.8250	0.0004
22.8500	0.0005
22.8750	0.0005
22.9000	0.0005
22.9250	0.0006
22.9500	0.0006
22.9750	0.0007
23.0000	0.0007
23.0250	0.0007
23.0500	0.0007
23.0750	0.0008
23.1000	0.0008
23.1250	0.0008
23.1500	0.0008
23.1750	0.0008
23.2000	0.0009
23.2250	0.0009
23.2500	0.0009
23.2750	0.0009
23.3000	0.0009
23.3250	0.0009
23.3500	0.0009
23.3750	0.0009
23.4000	0.0008
23.4250	0.0008
23.4500	0.0008
23.4750	0.0008
23.5000	0.0008
23.5250	0.0007
23.5500	0.0007
23.5750	0.0007
23.6000	0.0006
23.6250	0.0006
23.6500	0.0006
23.6750	0.0005
23.7000	0.0005
23.7250	0.0005
23.7500	0.0004
23.7750	0.0004
23.8000	0.0003
23.8250	0.0003
23.8500	0.0002
23.8750	0.0002
23.9000	0.0001
23.9250	0.0001
23.9500	0.0001
23.9750	0.0000
24.0000	-0.0000
24.0250	-0.0001
24.0500	-0.0001
24.0750	-0.0002
24.1000	-0.0002
24.1250	-0.0003
24.1500	-0.0003
24.1750	-0.0003
24.2000	-0.0004
24.2250	-0.0004
24.2500	-0.0005
24.2750	-0.0005
24.3000	-0.0005
24.3250	-0.0005
24.3500	-0.0006
24.3750	-0.0006
24.4000	-0.0006
24.4250	-0.0006
24.4500	-0.0007
24.4750	-0.0007
24.5000	-0.0007
24.5250	-0.0007
24.5500	-0.0007
24.5750	-0.0007
24.6000	-0.0007
24.6250	-0.0007
24.6500	-0.0007
24.6750	-0.0007
24.7000	-0.0007
24.7250	-0.0007
24.7500	-0.0007
24.7750	-0.0007
24.8000	-0.0007
24.8250	-0.0007
24.8500	-0.0006
24.8750	-0.0006
24.9000	-0.0006
24.9250	-0.0006
24.9500	-0.0005
24.9750	-0.0005
25.0000	-0.0005
25.0250	-0.0004
25.0500	-0.0004
25.0750	-0.0004
25.1000	-0.0003
25.1250	-0.0003
25.1500	-0.0003
25.1750	-0.0002
25.2000	-0.0002
25.2250	-0.0002
25.2500	-0.0001
25.2750	-0.0001
25.3000	-0.0000
25.3250	-0.0000
25.3500	0.0000
25.3750	0.0001
25.4000	0.0001
25.4250	0.0002
25.4500	0.0002
25.4750	0.0002
25.5000	0.0003
25.5250	0.0003
25.5500	0.0003
25.5750	0.0004
25.6000	0.0004
25.6250	0.0004
25.6500	0.0004
25.6750	0.0005
25.7000	0.0005
25.7250	0.0005
25.7500	0.0005
25.7750	0.0005
25.8000	0.0006
25.8250	0.0006
25.8500	0.0006
25.8750	0.0006
25.9000	0.0006
25.9250	0.0006
25.9500	0.0006
25.9750	0.0006
26.0000	0.0006
26.0250	0.0006
26.0500	0.0006
26.0750	0.0006
26.1000	0.0006
26.1250	0.0006
26.1500	0.0006
26.1750	0.0006
26.2000	0.0005
26.2250	0.0005
26.2500	0.0005
26.2750	0.0005
26.3000	0.0005
26.3250	0.0004
26.3500	0.0004
26.3750	0.0004
26.4000	0.0003
26.4250	0.0003
26.4500	0.0003
26.4750	0.0003
26.5000	0.0002
26.5250	0.0002
26.5500	0.0002
26.5750	0.0001
26.6000	0.0001
26.6250	0.0001
26.6500	0.0000
26.6750	-0.0000
26.7000	-0.0000
26.7250	-0.0001
26.7500	-0.0001
26.7750	-0.0001
26.8000	-0.0002
26.8250	-0.0002
26.8500	-0.0002
26.8750	-0.0003
26.9000	-0.0003
26.9250	-0.0003
26.9500	-0.0003
26.9750	-0.0004
27.0000	-0.0004
27.0250	-0.0004
27.0500	-0.0004
27.0750	-0.0004
27.1000	-0.0005
27.1250	-0.0005
27.1500	-0.0005
27.1750	-0.0005
27.2000	-0.0005
27.2250	-0.0005
27.2500	-0.0005
27.2750	-0.0005
27.3000	-0.0005
27.3250	-0.0005
27.3500	-0.0005
27.3750	-0.0005
27.4000	-0.0005
27.4250	-0.0005
27.4500	-0.0005
27.4750	-0.0005
27.5000	-0.0005
27.5250	-0.0005
27.5500	-0.0005
27.5750	-0.0004
27.6000	-0.0004
27.6250	-0.0004
27.6500	-0.0004
27.6750	-0.0004
27.7000	-0.0003
27.7250	-0.0003
27.7500	-0.0003
27.7750	-0.0003
27.8000	-0.0002
27.8250	-0.0002
27.8500	-0.0002
27.8750	-0.0002
27.9000	-0.0001
27.9250	-0.0001
27.9500	-0.0001
27.9750	-0.0000
28.0000	-0.0000
28.0250	0.0000
28.0500	0.0000
28.0750	0.0001
28.1000	0.0001
28.1250	0.0001
28.1500	0.0001
28.1750	0.0002
28.2000	0.0002
28.2250	0.0002
28.2500	0.0002
28.2750	0.0003
28.3000	0.0003
28.3250	0.0003
28.3500	0.0003
28.3750	0.0003
28.4000	0.0004
28.4250	0.0004
28.4500	0.0004
28.4750	0.0004
28.5000	0.0004
28.5250	0.0004
28.5500	0.0004
28.5750	0.0004
28.6000	0.0004
28.6250	0.0004
28.6500	0.0005
28.6750	0.0005
28.7000	0.0005
28.7250	0.0004
28.7500	0.0004
28.7750	0.0004
28.8000	0.0004
28.8250	0.0004
28.8500	0.0004
28.8750	0.0004
28.9000	0.0004
28.9250	0.0004
28.9500	0.0004
28.9750	0.0003
29.0000	0.0003
29.0250	0.0003
29.0500	0.0003
29.0750	0.0003
29.1000	0.0002
29.1250	0.0002
29.1500	0.0002
29.1750	0.0002
29.2000	0.0002
29.2250	0.0001
29.2500	0.0001
29.2750	0.0001
29.3000	0.0001
29.3250	0.0000
29.3500	0.0000
29.3750	-0.0000
29.4000	-0.0000
29.4250	-0.0001
29.4500	-0.0001
29.4750	-0.0001
29.5000	-0.0001
29.5250	-0.0002
29.5500	-0.0002
29.5750	-0.0002
29.6000	-0.0002
29.6250	-0.0002
29.6500	-0.0003
29.6750	-0.0003
29.7000	-0.0003
29.7250	-0.0003
29.7500	-0.0003
29.7750	-0.0003
29.8000	-0.0003
29.8250	-0.0004
29.8500	-0.0004
29.8750	-0.0004
29.9000	-0.0004
29.9250	-0.0004
29.9500	-0.0004
29.9750	-0.0004
30.0000	-0.0004
30.0250	-0.0004
30.0500	-0.0004
30.0750	-0.0004
30.1000	-0.0004
30.1250	-0.0004
30.1500	-0.0004
30.1750	-0.0004
30.2000	-0.0004
30.2250	-0.0003
30.2500	-0.0003
30.2750	-0.0003
30.3000	-0.0003
30.3250	-0.0003
30.3500	-0.0003
30.3750	-0.0003
30.4000	-0.0002
30.4250	-0.0002
30.4500	-0.0002
30.4750	-0.0002
30.5000	-0.0002
30.5250	-0.0002
30.5500	-0.0001
30.5750	-0.0001
30.6000	-0.0001
30.6250	-0.0001
30.6500	-0.0000
30.6750	-0.0000
30.7000	-0.0000
30.7250	0.0000
30.7500	0.0000
30.7750	0.0001
30.8000	0.0001
30.8250	0.0001
30.8500	0.0001
30.8750	0.0001
30.9000	0.0002
30.9250	0.0002
30.9500	0.0002
30.9750	0.0002
31.0000	0.0002
31.0250	0.0002
31.0500	0.0003
31.0750	0.0003
31.1000	0.0003
31.1250	0.0003
31.1500	0.0003
31.1750	0.0003
31.2000	0.0003
31.2250	0.0003
31.2500	0.0003
31.2750	0.0003
31.3000	0.0003
31.3250	0.0003
31.3500	0.0003
31.3750	0.0003
31.4000	0.0003
31.4250	0.0003
31.4500	0.0003
31.4750	0.0003
31.5000	0.0003
31.5250	0.0003
31.5500	0.0003
31.5750	0.0003
31.6000	0.0003
31.6250	0.0003
31.6500	0.0003
31.6750	0.0003
31.7000	0.0002
31.7250	0.0002
31.7500	0.0002
31.7750	0.0002
31.8000	0.0002
31.8250	0.0002
31.8500	0.0001
31.8750	0.0001
31.9000	0.0001
31.9250	0.0001
31.9500	0.0001
31.9750	0.0001
32.0000	0.0000
32.0250	0.0000
32.0500	-0.0000
32.0750	-0.0000
32.1000	-0.0000
32.1250	-0.0001
32.1500	-0.0001
32.1750	-0.0001
32.2000	-0.0001
32.2250	-0.0001
32.2500	-0.0001
32.2750	-0.0002
32.3000	-0.0002
32.3250	-0.0002
32.3500	-0.0002
32.3750	-0.0002
32.4000	-0.0002
32.4250	-0.0002
32.4500	-0.0002
32.4750	-0.0003
32.5000	-0.0003
32.5250	-0.0003
32.5500	-0.0003
32.5750	-0.0003
32.6000	-0.0003
32.6250	-0.0003
32.6500	-0.0003
32.6750	-0.0003
32.7000	-0.0003
32.7250	-0.0003
32.7500	-0.0003
32.7750	-0.0003
32.8000	-0.0003
32.8250	-0.0003
32.8500	-0.0003
32.8750	-0.0003
32.9000	-0.0003
32.9250	-0.0003
32.9500	-0.0003
32.9750	-0.0002
33.0000	-0.0002
33.0250	-0.0002
33.0500	-0.0002
33.0750	-0.0002
33.1000	-0.0002
33.1250	-0.0002
33.1500	-0.0002
33.1750	-0.0001
33.2000	-0.0001
33.2250	-0.0001
33.2500	-0.0001
33.2750	-0.0001
33.3000	-0.0001
33.3250	-0.0000
33.3500	-0.0000
33.3750	-0.0000
33.4000	0.0000
33.4250	0.0000
33.4500	0.0000
33.4750	0.0001
33.5000	0.0001
33.5250	0.0001
33.5500	0.0001
33.5750	0.0001
33.6000	0.0001
33.6250	0.0001
33.6500	0.0002
33.6750	0.0002
33.7000	0.0002
33.7250	0.0002
33.7500	0.0002
33.7750	0.0002
33.8000	0.0002
33.8250	0.0002
33.8500	0.0002
33.8750	0.0002
33.9000	0.0002
33.9250	0.0003
33.9500	0.0003
33.9750	0.0003
34.0000	0.0003
34.0250	0.0003
34.0500	0.0003
34.0750	0.0003
34.1000	0.0003
34.1250	0.0003
34.1500	0.0003
34.1750	0.0003
34.2000	0.0002
34.2250	0.0002
34.2500	0.0002
34.2750	0.0002
34.3000	0.0002
34.3250	0.0002
34.3500	0.0002
34.3750	0.0002
34.4000	0.0002
34.4250	0.0002
34.4500	0.0002
34.4750	0.0001
34.5000	0.0001
34.5250	0.0001
34.5500	0.0001
34.5750	0.0001
34.6000	0.0001
34.6250	0.0001
34.6500	0.0000
34.6750	0.0000
34.7000	0.0000
34.7250	0.0000
34.7500	-0.0000
34.7750	-0.0000
34.8000	-0.0000
34.8250	-0.0001
34.8500	-0.0001
34.8750	-0.0001
34.9000	-0.0001
34.9250	-0.0001
34.9500	-0.0001
34.9750	-0.0001
35.0000	-0.0001
35.0250	-0.0002
35.0500	-0.0002
35.0750	-0.0002
35.1000	-0.0002
35.1250	-0.0002
35.1500	-0.0002
35.1750	-0.0002
35.2000	-0.0002
35.2250	-0.0002
35.2500	-0.0002
35.2750	-0.0002
35.3000	-0.0002
35.3250	-0.0002
35.3500	-0.0002
35.3750	-0.0002
35.4000	-0.0002
35.4250	-0.0002
35.4500	-0.0002
35.4750	-0.0002
35.5000	-0.0002
35.5250	-0.0002
35.5500	-0.0002
35.5750	-0.0002
35.6000	-0.0002
35.6250	-0.0002
35.6500	-0.0002
35.6750	-0.0002
35.7000	-0.0002
35.7250	-0.0002
35.7500	-0.0002
35.7750	-0.0001
35.8000	-0.0001
35.8250	-0.0001
35.8500	-0.0001
35.8750	-0.0001
35.9000	-0.0001
35.9250	-0.0001
35.9500	-0.0001
35.9750	-0.0001
36.0000	-0.0000
36.0250	-0.0000
36.0500	-0.0000
36.0750	-0.0000
36.1000	0.0000
36.1250	0.0000
36.1500	0.0000
36.1750	0.0000
36.2000	0.0001
36.2250	0.0001
36.2500	0.0001
36.2750	0.0001
36.3000	0.0001
36.3250	0.0001
36.3500	0.0001
36.3750	0.0001
36.4000	0.0001
36.4250	0.0002
36.4500	0.0002
36.4750	0.0002
36.5000	0.0002
36.5250	0.0002
36.5500	0.0002
36.5750	0.0002
36.6000	0.0002
36.6250	0.0002
36.6500	0.0002
36.6750	0.0002
36.7000	0.0002
36.7250	0.0002
36.7500	0.0002
36.7750	0.0002
36.8000	0.0002
36.8250	0.0002
36.8500	0.0002
36.8750	0.0002
36.9000	0.0002
36.9250	0.0002
36.9500	0.0002
36.9750	0.0002
37.0000	0.0002
37.0250	0.0002
37.0500	0.0002
37.0750	0.0001
37.1000	0.0001
37.1250	0.0001
37.1500	0.0001
37.1750	0.0001
37.2000	0.0001
37.2250	0.0001
37.2500	0.0001
37.2750	0.0001
37.3000	0.0001
37.3250	0.0000
37.3500	0.0000
37.3750	0.0000
37.4000	0.0000
37.4250	-0.0000
37.4500	-0.0000
37.4750	-0.0000
37.5000	-0.0000
37.5250	-0.0000
37.5500	-0.0001
37.5750	-0.0001
37.6000	-0.0001
37.6250	-0.0001
37.6500	-0.0001
37.6750	-0.0001
37.7000	-0.0001
37.7250	-0.0001
37.7500	-0.0001
37.7750	-0.0001
37.8000	-0.0001
37.8250	-0.0002
37.8500	-0.0002
37.8750	-0.0002
37.9000	-0.0002
37.9250	-0.0002
37.9500	-0.0002
37.9750	-0.0002
38.0000	-0.0002
38.0250	-0.0002
38.0500	-0.0002
38.0750	-0.0002
38.1000	-0.0002
38.1250	-0.0002
38.1500	-0.0002
38.1750	-0.0002
38.2000	-0.0002
38.2250	-0.0002
38.2500	-0.0002
38.2750	-0.0002
38.3000	-0.0002
38.3250	-0.0002
38.3500	-0.0001
38.3750	-0.0001
38.4000	-0.0001
38.4250	-0.0001
38.4500	-0.0001
38.4750	-0.0001
38.5000	-0.0001
38.5250	-0.0001
38.5500	-0.0001
38.5750	-0.0001
38.6000	-0.0001
38.6250	-0.0001
38.6500	-0.0000
38.6750	-0.0000
38.7000	-0.0000
38.7250	-0.0000
38.7500	-0.0000
38.7750	0.0000
38.8000	0.0000
38.8250	0.0000
38.8500	0.0000
38.8750	0.0000
38.9000	0.0001
38.9250	0.0001
38.9500	0.0001
38.9750	0.0001
39.0000	0.0001
39.0250	0.0001
39.0500	0.0001
39.0750	0.0001
39.1000	0.0001
39.1250	0.0001
39.1500	0.0001
39.1750	0.0001
39.2000	0.0001
39.2250	0.0001
39.2500	0.0002
39.2750	0.0002
39.3000	0.0002
39.3250	0.0002
39.3500	0.0002
39.3750	0.0002
39.4000	0.0002
39.4250	0.0002
39.4500	0.0002
39.4750	0.0002
39.5000	0.0002
39.5250	0.0002
39.5500	0.0002
39.5750	0.0002
39.6000	0.0002
39.6250	0.0001
39.6500	0.0001
39.6750	0.0001
39.7000	0.0001
39.7250	0.0001
39.7500	0.0001
39.7750	0.0001
39.8000	0.0001
39.8250	0.0001
39.8500	0.0001
39.8750	0.0001
39.9000	0.0001
39.9250	0.0001
39.9500	0.0001
39.9750	0.0000
40.0000	0.0000
40.0250	0.0000
40.0500	0.0000
40.0750	0.0000
40.1000	0.0000
40.1250	-0.0000
40.1500	-0.0000
40.1750	-0.0000
40.2000	-0.0000
40.2250	-0.0000
40.2500	-0.0001
40.2750	-0.0001
40.3000	-0.0001
40.3250	-0.0001
40.3500	-0.0001
40.3750	-0.0001
40.4000	-0.0001
40.4250	-0.0001
40.4500	-0.0001
40.4750	-0.0001
40.5000	-0.0001
40.5250	-0.0001
40.5500	-0.0001
40.5750	-0.0001
40.6000	-0.0001
40.6250	-0.0001
40.6500	-0.0001
40.6750	-0.0001
40.7000	-0.0001
40.7250	-0.0001
40.7500	-0.0001
40.7750	-0.0001
40.8000	-0.0001
40.8250	-0.0001
40.8500	-0.0001
40.8750	-0.0001
40.9000	-0.0001
40.9250	-0.0001
40.9500	-0.0001
40.9750	-0.0001
41.0000	-0.0001
41.0250	-0.0001
41.0500	-0.0001
41.0750	-0.0001
41.1000	-0.0001
41.1250	-0.0001
41.1500	-0.0001
41.1750	-0.0001
41.2000	-0.0001
41.2250	-0.0001
41.2500	-0.0001
41.2750	-0.0001
41.3000	-0.0000
41.3250	-0.0000
41.3500	-0.0000
41.3750	-0.0000
41.4000	-0.0000
41.4250	-0.0000
41.4500	0.0000
41.4750	0.0000
41.5000	0.0000
41.5250	0.0000
41.5500	0.0000
41.5750	0.0000
41.6000	0.0000
41.6250	0.0001
41.6500	0.0001
41.6750	0.0001
41.7000	0.0001
41.7250	0.0001
41.7500	0.0001
41.7750	0.0001
41.8000	0.0001
41.8250	0.0001
41.8500	0.0001
41.8750	0.0001
41.9000	0.0001
41.9250	0.0001
41.9500	0.0001
41.9750	0.0001
42.0000	0.0001
42.0250	0.0001
42.0500	0.0001
42.0750	0.0001
42.1000	0.0001
42.1250	0.0001
42.1500	0.0001
42.1750	0.0001
42.2000	0.0001
42.2250	0.0001
42.2500	0.0001
42.2750	0.0001
42.3000	0.0001
42.3250	0.0001
42.3500	0.0001
42.3750	0.0001
42.4000	0.0001
42.4250	0.0001
42.4500	0.0001
42.4750	0.0001
42.5000	0.0001
42.5250	0.0001
42.5500	0.0001
42.5750	0.0001
42.6000	0.0001
42.6250	0.0000
42.6500	0.0000
42.6750	0.0000
42.7000	0.0000
42.7250	0.0000
42.7500	0.0000
42.7750	0.0000
42.8000	-0.0000
42.8250	-0.0000
42.8500	-0.0000
42.8750	-0.0000
42.9000	-0.0000
42.9250	-0.0000
42.9500	-0.0000
42.9750	-0.0001
43.0000	-0.0001
43.0250	-0.0001
43.0500	-0.0001
43.0750	-0.0001
43.1000	-0.0001
43.1250	-0.0001
43.1500	-0.0001
43.1750	-0.0001
43.2000	-0.0001
43.2250	-0.0001
43.2500	-0.0001
43.2750	-0.0001
43.3000	-0.0001
43.3250	-0.0001
43.3500	-0.0001
43.3750	-0.0001
43.4000	-0.0001
43.4250	-0.0001
43.4500	-0.0001
43.4750	-0.0001
43.5000	-0.0001
43.5250	-0.0001
43.5500	-0.0001
43.5750	-0.0001
43.6000	-0.0001
43.6250	-0.0001
43.6500	-0.0001
43.6750	-0.0001
43.7000	-0.0001
43.7250	-0.0001
43.7500	-0.0001
43.7750	-0.0001
43.8000	-0.0001
43.8250	-0.0001
43.8500	-0.0001
43.8750	-0.0001
43.9000	-0.0001
43.9250	-0.0001
43.9500	-0.0000
43.9750	-0.0000
44.0000	-0.0000
44.0250	-0.0000
44.0500	-0.0000
44.0750	-0.0000
44.1000	-0.0000
44.1250	-0.0000
44.1500	0.0000
44.1750	0.0000
44.2000	0.0000
44.2250	0.0000
44.2500	0.0000
44.2750	0.0000
44.3000	0.0000
44.3250	0.0000
44.3500	0.0001
44.3750	0.0001
44.4000	0.0001
44.4250	0.0001
44.4500	0.0001
44.4750	0.0001
44.5000	0.0001
44.5250	0.0001
44.5500	0.0001
44.5750	0.0001
44.6000	0.0001
44.6250	0.0001
44.6500	0.0001
44.6750	0.0001
44.7000	0.0001
44.7250	0.0001
44.7500	0.0001
44.7750	0.0001
44.8000	0.0001
44.8250	0.0001
44.8500	0.0001
44.8750	0.0001
44.9000	0.0001
44.9250	0.0001
44.9500	0.0001
44.9750	0.0001
45.0000	0.0001
45.0250	0.0001
45.0500	0.0001
45.0750	0.0001
45.1000	0.0001
45.1250	0.0001
45.1500	0.0001
45.1750	0.0001
45.2000	0.0001
45.2250	0.0001
45.2500	0.0001
45.2750	0.0000
45.3000	0.0000
45.3250	0.0000
45.3500	0.0000
45.3750	0.0000
45.4000	0.0000
45.4250	0.0000
45.4500	0.0000
45.4750	-0.0000
45.5000	-0.0000
45.5250	-0.0000
45.5500	-0.0000
45.5750	-0.0000
45.6000	-0.0000
45.6250	-0.0000
45.6500	-0.0000
45.6750	-0.0000
45.7000	-0.0001
45.7250	-0.0001
45.7500	-0.0001
45.7750	-0.0001
45.8000	-0.0001
45.8250	-0.0001
45.8500	-0.0001
45.8750	-0.0001
45.9000	-0.0001
45.9250	-0.0001
45.9500	-0.0001
45.9750	-0.0001
46.0000	-0.0001
46.0250	-0.0001
46.0500	-0.0001
46.0750	-0.0001
46.1000	-0.0001
46.1250	-0.0001
46.1500	-0.0001
46.1750	-0.0001
46.2000	-0.0001
46.2250	-0.0001
46.2500	-0.0001
46.2750	-0.0001
46.3000	-0.0001
46.3250	-0.0001
46.3500	-0.0001
46.3750	-0.0001
46.4000	-0.0001
46.4250	-0.0001
46.4500	-0.0001
46.4750	-0.0001
46.5000	-0.0001
46.5250	-0.0001
46.5500	-0.0001
46.5750	-0.0001
46.6000	-0.0000
46.6250	-0.0000
46.6500	-0.0000
46.6750	-0.0000
46.7000	-0.0000
46.7250	-0.0000
46.7500	-0.0000
46.7750	-0.0000
46.8000	-0.0000
46.8250	0.0000
46.8500	0.0000
46.8750	0.0000
46.9000	0.0000
46.9250	0.0000
46.9500	0.0000
46.9750	0.0000
47.0000	0.0000
47.0250	0.0000
47.0500	0.0000
47.0750	0.0001
47.1000	0.0001
47.1250	0.0001
47.1500	0.0001
47.1750	0.0001
47.2000	0.0001
47.2250	0.0001
47.2500	0.0001
47.2750	0.0001
47.3000	0.0001
47.3250	0.0001
47.3500	0.0001
47.3750	0.0001
47.4000	0.0001
47.4250	0.0001
47.4500	0.0001
47.4750	0.0001
47.5000	0.0001
47.5250	0.0001
47.5500	0.0001
47.5750	0.0001
47.6000	0.0001
47.6250	0.0001
47.6500	0.0001
47.6750	0.0001
47.7000	0.0001
47.7250	0.0001
47.7500	0.0001
47.7750	0.0001
47.8000	0.0001
47.8250	0.0001
47.8500	0.0001
47.8750	0.0001
47.9000	0.0000
47.9250	0.0000
47.9500	0.0000
47.9750	0.0000
48.0000	0.0000
48.0250	0.0000
48.0500	0.0000
48.0750	0.0000
48.1000	0.0000
48.1250	0.0000
48.1500	0.0000
48.1750	-0.0000
48.2000	-0.0000
48.2250	-0.0000
48.2500	-0.0000
48.2750	-0.0000
48.3000	-0.0000
48.3250	-0.0000
48.3500	-0.0000
48.3750	-0.0000
48.4000	-0.0000
48.4250	-0.0000
48.4500	-0.0001
48.4750	-0.0001
48.5000	-0.0001
48.5250	-0.0001
48.5500	-0.0001
48.5750	-0.0001
48.6000	-0.0001
48.6250	-0.0001
48.6500	-0.0001
48.6750	-0.0001
48.7000	-0.0001
48.7250	-0.0001
48.7500	-0.0001
48.7750	-0.0001
48.8000	-0.0001
48.8250	-0.0001
48.8500	-0.0001
48.8750	-0.0001
48.9000	-0.0001
48.9250	-0.0001
48.9500	-0.0001
48.9750	-0.0001
49.0000	-0.0001
49.0250	-0.0001
49.0500	-0.0001
49.0750	-0.0001
49.1000	-0.0001
49.1250	-0.0001
49.1500	-0.0001
49.1750	-0.0001
49.2000	-0.0001
49.2250	-0.0000
49.2500	-0.0000
49.2750	-0.0000
49.3000	-0.0000
49.3250	-0.0000
49.3500	-0.0000
49.3750	-0.0000
49.4000	-0.0000
49.4250	-0.0000
49.4500	-0.0000
49.4750	-0.0000
49.5000	0.0000
49.5250	0.0000
49.5500	0.0000
49.5750	0.0000
49.6000	0.0000
49.6250	0.0000
49.6500	0.0000
49.6750	0.0000
49.7000	0.0000
49.7250	0.0000
49.7500	0.0000
49.7750	0.0000
49.8000	0.0001
49.8250	0.0001
49.8500	0.0001
49.8750	0.0001
49.9000	0.0001
49.9250	0.0001
49.9500	0.0001
49.9750	0.0001
50.0000	0.0001
50.0250	0.0001
50.0500	0.0001
50.0750	0.0001
50.1000	0.0001
50.1250	0.0001
50.1500	0.0001
50.1750	0.0001
50.2000	0.0001
50.2250	0.0001
50.2500	0.0001
50.2750	0.0001
50.3000	0.0001
50.3250	0.0001
50.3500	0.0001
50.3750	0.0001
50.4000	0.0001
50.4250	0.0001
50.4500	0.0001
50.4750	0.0001
50.5000	0.0001
50.5250	0.0000
50.5500	0.0000
50.5750	0.0000
50.6000	0.0000
50.6250	0.0000
50.6500	0.0000
50.6750	0.0000
50.7000	0.0000
50.7250	0.0000
50.7500	0.0000
50.7750	0.0000
50.8000	0.0000
50.8250	0.0000
50.8500	-0.0000
50.8750	-0.0000
50.9000	-0.0000
50.9250	-0.0000
50.9500	-0.0000
50.9750	-0.0000
51.0000	-0.0000
51.0250	-0.0000
51.0500	-0.0000
51.0750	-0.0000
51.1000	-0.0000
51.1250	-0.0000
51.1500	-0.0000
51.1750	-0.0000
51.2000	-0.0001
51.2250	-0.0001
51.2500	-0.0001
51.2750	-0.0001
51.3000	-0.0001
51.3250	-0.0001
51.3500	-0.0001
51.3750	-0.0001
51.4000	-0.0001
51.4250	-0.0001
51.4500	-0.0001
51.4750	-0.0001
51.5000	-0.0001
51.5250	-0.0001
51.5500	-0.0001
51.5750	-0.0001
51.6000	-0.0001
51.6250	-0.0001
51.6500	-0.0001
51.6750	-0.0001
51.7000	-0.0001
51.7250	-0.0001
51.7500	-0.0001
51.7750	-0.0001
51.8000	-0.0001
51.8250	-0.0000
51.8500	-0.0000
51.8750	-0.0000
51.9000	-0.0000
51.9250	-0.0000
51.9500	-0.0000
51.9750	-0.0000
52.0000	-0.0000
52.0250	-0.0000
52.0500	-0.0000
52.0750	-0.0000
52.1000	-0.0000
52.1250	-0.0000
52.1500	-0.0000
52.1750	-0.0000
52.2000	0.0000
52.2250	0.0000
52.2500	0.0000
52.2750	0.0000
52.3000	0.0000
52.3250	0.0000
52.3500	0.0000
52.3750	0.0000
52.4000	0.0000
52.4250	0.0000
52.4500	0.0000
52.4750	0.0000
52.5000	0.0000
52.5250	0.0000
52.5500	0.0000
52.5750	0.0001
52.6000	0.0001
52.6250	0.0001
52.6500	0.0001
52.6750	0.0001
52.7000	0.0001
52.7250	0.0001
52.7500	0.0001
52.7750	0.0001
52.8000	0.0001
52.8250	0.0001
52.8500	0.0001
52.8750	0.0001
52.9000	0.0001
52.9250	0.0001
52.9500	0.0001
52.9750	0.0001
53.0000	0.0001
53.0250	0.0001
53.0500	0.0001
53.0750	0.0001
53.1000	0.0001
53.1250	0.0000
53.1500	0.0000
53.1750	0.0000
53.2000	0.0000
53.2250	0.0000
53.2500	0.0000
53.2750	0.0000
53.3000	0.0000
53.3250	0.0000
53.3500	0.0000
53.3750	0.0000
53.4000	0.0000
53.4250	0.0000
53.4500	0.0000
53.4750	0.0000
53.5000	0.0000
53.5250	-0.0000
53.5500	-0.0000
53.5750	-0.0000
53.6000	-0.0000
53.6250	-0.0000
53.6500	-0.0000
53.6750	-0.0000
53.7000	-0.0000
53.7250	-0.0000
53.7500	-0.0000
53.7750	-0.0000
53.8000	-0.0000
53.8250	-0.0000
53.8500	-0.0000
53.8750	-0.0000
53.9000	-0.0000
53.9250	-0.0000
53.9500	-0.0000
53.9750	-0.0001
54.0000	-0.0001
54.0250	-0.0001
54.0500	-0.0001
54.0750	-0.0001
54.1000	-0.0001
54.1250	-0.0001
54.1500	-0.0001
54.1750	-0.0001
54.2000	-0.0001
54.2250	-0.0001
54.2500	-0.0001
54.2750	-0.0001
54.3000	-0.0001
54.3250	-0.0001
54.3500	-0.0001
54.3750	-0.0001
54.4000	-0.0001
54.4250	-0.0000
54.4500	-0.0000
54.4750	-0.0000
54.5000	-0.0000
54.5250	-0.0000
54.5500	-0.0000
54.5750	-0.0000
54.6000	-0.0000
54.6250	-0.0000
54.6500	-0.0000
54.6750	-0.0000
54.7000	-0.0000
54.7250	-0.0000
54.7500	-0.0000
54.7750	-0.0000
54.8000	-0.0000
54.8250	-0.0000
54.8500	-0.0000
54.8750	0.0000
54.9000	0.0000
54.9250	0.0000
54.9500	0.0000
54.9750	0.0000
55.0000	0.0000
55.0250	0.0000
55.0500	0.0000
55.0750	0.0000
55.1000	0.0000
55.1250	0.0000
55.1500	0.0000
55.1750	0.0000
55.2000	0.0000
55.2250	0.0000
55.2500	0.0000
55.2750	0.0000
55.3000	0.0000
55.3250	0.0000
55.3500	0.0000
55.3750	0.0000
55.4000	0.0001
55.4250	0.0001
55.4500	0.0001
55.4750	0.0001
55.5000	0.0001
55.5250	0.0001
55.5500	0.0001
55.5750	0.0001
55.6000	0.0001
55.6250	0.0001
55.6500	0.0001
55.6750	0.0000
55.7000	0.0000
55.7250	0.0000
55.7500	0.0000
55.7750	0.0000
55.8000	0.0000
55.8250	0.0000
55.8500	0.0000
55.8750	0.0000
55.9000	0.0000
55.9250	0.0000
55.9500	0.0000
55.9750	0.0000
56.0000	0.0000
56.0250	0.0000
56.0500	0.0000
56.0750	0.0000
56.1000	0.0000
56.1250	0.0000
56.1500	0.0000
56.1750	0.0000
56.2000	0.0000
56.2250	-0.0000
56.2500	-0.0000
56.2750	-0.0000
56.3000	-0.0000
56.3250	-0.0000
56.3500	-0.0000
56.3750	-0.0000
56.4000	-0.0000
56.4250	-0.0000
56.4500	-0.0000
56.4750	-0.0000
56.5000	-0.0000
56.5250	-0.0000
56.5500	-0.0000
56.5750	-0.0000
56.6000	-0.0000
56.6250	-0.0000
56.6500	-0.0000
56.6750	-0.0000
56.7000	-0.0000
56.7250	-0.0000
56.7500	-0.0000
56.7750	-0.0000
56.8000	-0.0000
56.8250	-0.0000
56.8500	-0.0000
56.8750	-0.0000
56.9000	-0.0000
56.9250	-0.0000
56.9500	-0.0000
56.9750	-0.0000
57.0000	-0.0000
57.0250	-0.0000
57.0500	-0.0000
57.0750	-0.0000
57.1000	-0.0000
57.1250	-0.0000
57.1500	-0.0000
57.1750	-0.0000
57.2000	-0.0000
57.2250	-0.0000
57.2500	-0.0000
57.2750	-0.0000
57.3000	-0.0000
57.3250	-0.0000
57.3500	-0.0000
57.3750	-0.0000
57.4000	-0.0000
57.4250	-0.0000
57.4500	-0.0000
57.4750	-0.0000
57.5000	-0.0000
57.5250	-0.0000
57.5500	0.0000
57.5750	0.0000
57.6000	0.0000
57.6250	0.0000
57.6500	0.0000
57.6750	0.0000
57.7000	0.0000
57.7250	0.0000
57.7500	0.0000
57.7750	0.0000
57.8000	0.0000
57.8250	0.0000
57.8500	0.0000
57.8750	0.0000
57.9000	0.0000
57.9250	0.0000
57.9500	0.0000
57.9750	0.0000
58.0000	0.0000
58.0250	0.0000
58.0500	0.0000
58.0750	0.0000
58.1000	0.0000
58.1250	0.0000
58.1500	0.0000
58.1750	0.0000
58.2000	0.0000
58.2250	0.0000
58.2500	0.0000
58.2750	0.0000
58.3000	0.0000
58.3250	0.0000
58.3500	0.0000
58.3750	0.0000
58.4000	0.0000
58.4250	0.0000
58.4500	0.0000
58.4750	0.0000
58.5000	0.0000
58.5250	0.0000
58.5500	0.0000
58.5750	0.0000
58.6000	0.0000
58.6250	0.0000
58.6500	0.0000
58.6750	0.0000
58.7000	0.0000
58.7250	0.0000
58.7500	0.0000
58.7750	0.0000
58.8000	0.0000
58.8250	0.0000
58.8500	0.0000
58.8750	0.0000
58.9000	-0.0000
58.9250	-0.0000
58.9500	-0.0000
58.9750	-0.0000
59.0000	-0.0000
59.0250	-0.0000
59.0500	-0.0000
59.0750	-0.0000
59.1000	-0.0000
59.1250	-0.0000
59.1500	-0.0000
59.1750	-0.0000
59.2000	-0.0000
59.2250	-0.0000
59.2500	-0.0000
59.2750	-0.0000
59.3000	-0.0000
59.3250	-0.0000
59.3500	-0.0000
59.3750	-0.0000
59.4000	-0.0000
59.4250	-0.0000
59.4500	-0.0000
59.4750	-0.0000
59.5000	-0.0000
59.5250	-0.0000
59.5500	-0.0000
59.5750	-0.0000
59.6000	-0.0000
59.6250	-0.0000
59.6500	-0.0000
59.6750	-0.0000
59.7000	-0.0000
59.7250	-0.0000
59.7500	-0.0000
59.7750	-0.0000
59.8000	-0.0000
59.8250	-0.0000
59.8500	-0.0000
59.8750	-0.0000
59.9000	-0.0000
59.9250	-0.0000
59.9500	-0.0000
59.9750	-0.0000
60.0000	-0.0000
60.0250	-0.0000
60.0500	-0.0000
60.0750	-0.0000
60.1000	-0.0000
60.1250	-0.0000
60.1500	-0.0000
60.1750	-0.0000
60.2000	-0.0000
60.2250	0.0000
60.2500	0.0000
60.2750	0.0000
60.3000	0.0000
60.3250	0.0000
60.3500	0.0000
60.3750	0.0000
60.4000	0.0000
60.4250	0.0000
60.4500	0.0000
60.4750	0.0000
60.5000	0.0000
60.5250	0.0000
60.5500	0.0000
60.5750	0.0000
60.6000	0.0000
60.6250	0.0000
60.6500	0.0000
60.6750	0.0000
60.7000	0.0000
60.7250	0.0000
60.7500	0.0000
60.7750	0.0000
60.8000	0.0000
60.8250	0.0000
60.8500	0.0000
60.8750	0.0000
60.9000	0.0000
60.9250	0.0000
60.9500	0.0000
60.9750	0.0000
61.0000	0.0000
61.0250	0.0000
61.0500	0.0000
61.0750	0.0000
61.1000	0.0000
61.1250	0.0000
61.1500	0.0000
61.1750	0.0000
61.2000	0.0000
61.2250	0.0000
61.2500	0.0000
61.2750	0.0000
61.3000	0.0000
61.3250	0.0000
61.3500	0.0000
61.3750	0.0000
61.4000	0.0000
61.4250	0.0000
61.4500	0.0000
61.4750	0.0000
61.5000	0.0000
61.5250	0.0000
61.5500	0.0000
61.5750	-0.0000
61.6000	-0.0000
61.6250	-0.0000
61.6500	-0.0000
61.6750	-0.0000
61.7000	-0.0000
61.7250	-0.0000
61.7500	-0.0000
61.7750	-0.0000
61.8000	-0.0000
61.8250	-0.0000
61.8500	-0.0000
61.8750	-0.0000
61.9000	-0.0000
61.9250	-0.0000
61.9500	-0.0000
61.9750	-0.0000
62.0000	-0.0000
62.0250	-0.0000
62.0500	-0.0000
62.0750	-0.0000
62.1000	-0.0000
62.1250	-0.0000
62.1500	-0.0000
62.1750	-0.0000
62.2000	-0.0000
62.2250	-0.0000
62.2500	-0.0000
62.2750	-0.0000
62.3000	-0.0000
62.3250	-0.0000
62.3500	-0.0000
62.3750	-0.0000
62.4000	-0.0000
62.4250	-0.0000
62.4500	-0.0000
62.4750	-0.0000
62.5000	-0.0000
62.5250	-0.0000
62.5500	-0.0000
62.5750	-0.0000
62.6000	-0.0000
62.6250	-0.0000
62.6500	-0.0000
62.6750	-0.0000
62.7000	-0.0000
62.7250	-0.0000
62.7500	-0.0000
62.7750	-0.0000
62.8000	-0.0000
62.8250	-0.0000
62.8500	-0.0000
62.8750	-0.0000
62.9000	-0.0000
62.9250	0.0000
62.9500	0.0000
62.9750	0.0000
63.0000	0.0000
63.0250	0.0000
63.0500	0.0000
63.0750	0.0000
63.1000	0.0000
63.1250	0.0000
63.1500	0.0000
63.1750	0.0000
63.2000	0.0000
63.2250	0.0000
63.2500	0.0000
63.2750	0.0000
63.3000	0.0000
63.3250	0.0000
63.3500	0.0000
63.3750	0.0000
63.4000	0.0000
63.4250	0.0000
63.4500	0.0000
63.4750	0.0000
63.5000	0.0000
63.5250	0.0000
63.5500	0.0000
63.5750	0.0000
63.6000	0.0000
63.6250	0.0000
63.6500	0.0000
63.6750	0.0000
63.7000	0.0000
63.7250	0.0000
63.7500	0.0000
63.7750	0.0000
63.8000	0.0000
63.8250	0.0000
63.8500	0.0000
63.8750	0.0000
63.9000	0.0000
63.9250	0.0000
63.9500	0.0000
63.9750	0.0000
64.0000	0.0000
64.0250	0.0000
64.0500	0.0000
64.0750	0.0000
64.1000	0.0000
64.1250	0.0000
64.1500	0.0000
64.1750	0.0000
64.2000	0.0000
64.2250	0.0000
64.2500	-0.0000
64.2750	-0.0000
64.3000	-0.0000
64.3250	-0.0000
64.3500	-0.0000
64.3750	-0.0000
64.4000	-0.0000
64.4250	-0.0000
64.4500	-0.0000
64.4750	-0.0000
64.5000	-0.0000
64.5250	-0.0000
64.5500	-0.0000
64.5750	-0.0000
64.6000	-0.0000
64.6250	-0.0000
64.6500	-0.0000
64.6750	-0.0000
64.7000	-0.0000
64.7250	-0.0000
64.7500	-0.0000
64.7750	-0.0000
64.8000	-0.0000
64.8250	-0.0000
64.8500	-0.0000
64.8750	-0.0000
64.9000	-0.0000
64.9250	-0.0000
64.9500	-0.0000
64.9750	-0.0000
65.0000	-0.0000
65.0250	-0.0000
65.0500	-0.0000
65.0750	-0.0000
65.1000	-0.0000
65.1250	-0.0000
65.1500	-0.0000
65.1750	-0.0000
65.2000	-0.0000
65.2250	-0.0000
65.2500	-0.0000
65.2750	-0.0000
65.3000	-0.0000
65.3250	-0.0000
65.3500	-0.0000
65.3750	-0.0000
65.4000	-0.0000
65.4250	-0.0000
65.4500	-0.0000
65.4750	-0.0000
65.5000	-0.0000
65.5250	-0.0000
65.5500	-0.0000
65.5750	-0.0000
65.6000	0.0000
65.6250	0.0000
65.6500	0.0000
65.6750	0.0000
65.7000	0.0000
65.7250	0.0000
65.7500	0.0000
65.7750	0.0000
65.8000	0.0000
65.8250	0.0000
65.8500	0.0000
65.8750	0.0000
65.9000	0.0000
65.9250	0.0000
65.9500	0.0000
65.9750	0.0000
66.0000	0.0000
66.0250	0.0000
66.0500	0.0000
66.0750	0.0000
66.1000	0.0000
66.1250	0.0000
66.1500	0.0000
66.1750	0.0000
66.2000	0.0000
66.2250	0.0000
66.2500	0.0000
66.2750	0.0000
66.3000	0.0000
66.3250	0.0000
66.3500	0.0000
66.3750	0.0000
66.4000	0.0000
66.4250	0.0000
66.4500	0.0000
66.4750	0.0000
66.5000	0.0000
66.5250	0.0000
66.5500	0.0000
66.5750	0.0000
66.6000	0.0000
66.6250	0.0000
66.6500	0.0000
66.6750	0.0000
66.7000	0.0000
66.7250	0.0000
66.7500	0.0000
66.7750	0.0000
66.8000	0.0000
66.8250	0.0000
66.8500	0.0000
66.8750	0.0000
66.9000	0.0000
66.9250	0.0000
66.9500	-0.0000
66.9750	-0.0000
67.0000	-0.0000
67.0250	-0.0000
67.0500	-0.0000
67.0750	-0.0000
67.1000	-0.0000
67.1250	-0.0000
67.1500	-0.0000
67.1750	-0.0000
67.2000	-0.0000
67.2250	-0.0000
67.2500	-0.0000
67.2750	-0.0000
67.3000	-0.0000
67.3250	-0.0000
67.3500	-0.0000
67.3750	-0.0000
67.4000	-0.0000
67.4250	-0.0000
67.4500	-0.0000
67.4750	-0.0000
67.5000	-0.0000
67.5250	-0.0000
67.5500	-0.0000
67.5750	-0.0000
67.6000	-0.0000
67.6250	-0.0000
67.6500	-0.0000
67.6750	-0.0000
67.7000	-0.0000
67.7250	-0.0000
67.7500	-0.0000
67.7750	-0.0000
67.8000	-0.0000
67.8250	-0.0000
67.8500	-0.0000
67.8750	-0.0000
67.9000	-0.0000
67.9250	-0.0000
67.9500	-0.0000
67.9750	-0.0000
68.0000	-0.0000
68.0250	-0.0000
68.0500	-0.0000
68.0750	-0.0000
68.1000	-0.0000
68.1250	-0.0000
68.1500	-0.0000
68.1750	-0.0000
68.2000	-0.0000
68.2250	-0.0000
68.2500	-0.0000
68.2750	0.0000
68.3000	0.0000
68.3250	0.0000
68.3500	0.0000
68.3750	0.0000
68.4000	0.0000
68.4250	0.0000
68.4500	0.0000
68.4750	0.0000
68.5000	0.0000
68.5250	0.0000
68.5500	0.0000
68.5750	0.0000
68.6000	0.0000
68.6250	0.0000
68.6500	0.0000
68.6750	0.0000
68.7000	0.0000
68.7250	0.0000
68.7500	0.0000
68.7750	0.0000
68.8000	0.0000
68.8250	0.0000
68.8500	0.0000
68.8750	0.0000
68.9000	0.0000
68.9250	0.0000
68.9500	0.0000
68.9750	0.0000
69.0000	0.0000
69.0250	0.0000
69.0500	0.0000
69.0750	0.0000
69.1000	0.0000
69.1250	0.0000
69.1500	0.0000
69.1750	0.0000
69.2000	0.0000
69.2250	0.0000
69.2500	0.0000
69.2750	0.0000
69.3000	0.0000
69.3250	0.0000
69.3500	0.0000
69.3750	0.0000
69.4000	0.0000
69.4250	0.0000
69.4500	0.0000
69.4750	0.0000
69.5000	0.0000
69.5250	0.0000
69.5500	0.0000
69.5750	0.0000
69.6000	0.0000
69.6250	-0.0000
69.6500	-0.0000
69.6750	-0.0000
69.7000	-0.0000
69.7250	-0.0000
69.7500	-0.0000
69.7750	-0.0000
69.8000	-0.0000
69.8250	-0.0000
69.8500	-0.0000
69.8750	-0.0000
69.9000	-0.0000
69.9250	-0.0000
69.9500	-0.0000
69.9750	-0.0000
70.0000	-0.0000
70.0250	-0.0000
70.0500	-0.0000
70.0750	-0.0000
70.1000	-0.0000
70.1250	-0.0000
70.1500	-0.0000
70.1750	-0.0000
70.2000	-0.0000
70.2250	-0.0000
70.2500	-0.0000
70.2750	-0.0000
70.3000	-0.0000
70.3250	-0.0000
70.3500	-0.0000
70.3750	-0.0000
70.4000	-0.0000
70.4250	-0.0000
70.4500	-0.0000
70.4750	-0.0000
70.5000	-0.0000
70.5250	-0.0000
70.5500	-0.0000
70.5750	-0.0000
70.6000	-0.0000
70.6250	-0.0000
70.6500	-0.0000
70.6750	-0.0000
70.7000	-0.0000
70.7250	-0.0000
70.7500	-0.0000
70.7750	-0.0000
70.8000	-0.0000
70.8250	-0.0000
70.8500	-0.0000
70.8750	-0.0000
70.9000	-0.0000
70.9250	-0.0000
70.9500	-0.0000
70.9750	0.0000
71.0000	0.0000
71.0250	0.0000
71.0500	0.0000
71.0750	0.0000
71.1000	0.0000
71.1250	0.0000
71.1500	0.0000
71.1750	0.0000
71.2000	0.0000
71.2250	0.0000
71.2500	0.0000
71.2750	0.0000
71.3000	0.0000
71.3250	0.0000
71.3500	0.0000
71.3750	0.0000
71.4000	0.0000
71.4250	0.0000
71.4500	0.0000
71.4750	0.0000
71.5000	0.0000
71.5250	0.0000
71.5500	0.0000
71.5750	0.0000
71.6000	0.0000
71.6250	0.0000
71.6500	0.0000
71.6750	0.0000
71.7000	0.0000
71.7250	0.0000
71.7500	0.0000
71.7750	0.0000
71.8000	0.0000
71.8250	0.0000
71.8500	0.0000
71.8750	0.0000
71.9000	0.0000
71.9250	0.0000
71.9500	0.0000
71.9750	0.0000
72.0000	0.0000
72.0250	0.0000
72.0500	0.0000
72.0750	0.0000
72.1000	0.0000
72.1250	0.0000
72.1500	0.0000
72.1750	0.0000
72.2000	0.0000
72.2250	0.0000
72.2500	0.0000
72.2750	0.0000
72.3000	-0.0000
72.3250	-0.0000
72.3500	-0.0000
72.3750	-0.0000
72.4000	-0.0000
72.4250	-0.0000
72.4500	-0.0000
72.4750	-0.0000
72.5000	-0.0000
72.5250	-0.0000
72.5500	-0.0000
72.5750	-0.0000
72.6000	-0.0000
72.6250	-0.0000
72.6500	-0.0000
72.6750	-0.0000
72.7000	-0.0000
72.7250	-0.0000
72.7500	-0.0000
72.7750	-0.0000
72.8000	-0.0000
72.8250	-0.0000
72.8500	-0.0000
72.8750	-0.0000
72.9000	-0.0000
72.9250	-0.0000
72.9500	-0.0000
72.9750	-0.0000
73.0000	-0.0000
73.0250	-0.0000
73.0500	-0.0000
73.0750	-0.0000
73.1000	-0.0000
73.1250	-0.0000
73.1500	-0.0000
73.1750	-0.0000
73.2000	-0.0000
73.2250	-0.0000
73.2500	-0.0000
73.2750	-0.0000
73.3000	-0.0000
73.3250	-0.0000
73.3500	-0.0000
73.3750	-0.0000
73.4000	-0.0000
73.4250	-0.0000
73.4500	-0.0000
73.4750	-0.0000
73.5000	-0.0000
73.5250	-0.0000
73.5500	-0.0000
73.5750	-0.0000
73.6000	-0.0000
73.6250	-0.0000
73.6500	0.0000
73.6750	0.0000
73.7000	0.0000
73.7250	0.0000
73.7500	0.0000
73.7750	0.0000
73.8000	0.0000
73.8250	0.0000
73.8500	0.0000
73.8750	0.0000
73.9000	0.0000
73.9250	0.0000
73.9500	0.0000
73.9750	0.0000
74.0000	0.0000
74.0250	0.0000
74.0500	0.0000
74.0750	0.0000
74.1000	0.0000
74.1250	0.0000
74.1500	0.0000
74.1750	0.0000
74.2000	0.0000
74.2250	0.0000
74.2500	0.0000
74.2750	0.0000
74.3000	0.0000
74.3250	0.0000
74.3500	0.0000
74.3750	0.0000
74.4000	0.0000
74.4250	0.0000
74.4500	0.0000
74.4750	0.0000
74.5000	0.0000
74.5250	0.0000
74.5500	0.0000
74.5750	0.0000
74.6000	0.0000
74.6250	0.0000
74.6500	0.0000
74.6750	0.0000
74.7000	0.0000
74.7250	0.0000
74.7500	0.0000
74.7750	0.0000
74.8000	0.0000
74.8250	0.0000
74.8500	0.0000
74.8750	0.0000
74.9000	0.0000
74.9250	0.0000
74.9500	0.0000
74.9750	0.0000
75.0000	-0.0000
75.0250	-0.0000
75.0500	-0.0000
75.0750	-0.0000
75.1000	-0.0000
75.1250	-0.0000
75.1500	-0.0000
75.1750	-0.0000
75.2000	-0.0000
75.2250	-0.0000
75.2500	-0.0000
75.2750	-0.0000
75.3000	-0.0000
75.3250	-0.0000
75.3500	-0.0000
75.3750	-0.0000
75.4000	-0.0000
75.4250	-0.0000
75.4500	-0.0000
75.4750	-0.0000
75.5000	-0.0000
75.5250	-0.0000
75.5500	-0.0000
75.5750	-0.0000
75.6000	-0.0000
75.6250	-0.0000
75.6500	-0.0000
75.6750	-0.0000
75.7000	-0.0000
75.7250	-0.0000
75.7500	-0.0000
75.7750	-0.0000
75.8000	-0.0000
75.8250	-0.0000
75.8500	-0.0000
75.8750	-0.0000
75.9000	-0.0000
75.9250	-0.0000
75.9500	-0.0000
75.9750	-0.0000
76.0000	-0.0000
76.0250	-0.0000
76.0500	-0.0000
76.0750	-0.0000
76.1000	-0.0000
76.1250	-0.0000
76.1500	-0.0000
76.1750	-0.0000
76.2000	-0.0000
76.2250	-0.0000
76.2500	-0.0000
76.2750	-0.0000
76.3000	-0.0000
76.3250	0.0000
76.3500	0.0000
76.3750	0.0000
76.4000	0.0000
76.4250	0.0000
76.4500	0.0000
76.4750	0.0000
76.5000	0.0000
76.5250	0.0000
76.5500	0.0000
76.5750	0.0000
76.6000	0.0000
76.6250	0.0000
76.6500	0.0000
76.6750	0.0000
76.7000	0.0000
76.7250	0.0000
76.7500	0.0000
76.7750	0.0000
76.8000	0.0000
76.8250	0.0000
76.8500	0.0000
76.8750	0.0000
76.9000	0.0000
76.9250	0.0000
76.9500	0.0000
76.9750	0.0000
77.0000	0.0000
77.0250	0.0000
77.0500	0.0000
77.0750	0.0000
77.1000	0.0000
77.1250	0.0000
77.1500	0.0000
77.1750	0.0000
77.2000	0.0000
77.2250	0.0000
77.2500	0.0000
77.2750	0.0000
77.3000	0.0000
77.3250	0.0000
77.3500	0.0000
77.3750	0.0000
77.4000	0.0000
77.4250	0.0000
77.4500	0.0000
77.4750	0.0000
77.5000	0.0000
77.5250	0.0000
77.5500	0.0000
77.5750	0.0000
77.6000	0.0000
77.6250	0.0000
77.6500	0.0000
77.6750	-0.0000
77.7000	-0.0000
77.7250	-0.0000
77.7500	-0.0000
77.7750	-0.0000
77.8000	-0.0000
77.8250	-0.0000
77.8500	-0.0000
77.8750	-0.0000
77.9000	-0.0000
77.9250	-0.0000
77.9500	-0.0000
77.9750	-0.0000
78.0000	-0.0000
78.0250	-0.0000
78.0500	-0.0000
78.0750	-0.0000
78.1000	-0.0000
78.1250	-0.0000
78.1500	-0.0000
78.1750	-0.0000
78.2000	-0.0000
78.2250	-0.0000
78.2500	-0.0000
78.2750	-0.0000
78.3000	-0.0000
78.3250	-0.0000
78.3500	-0.0000
78.3750	-0.0000
78.4000	-0.0000
78.4250	-0.0000
78.4500	-0.0000
78.4750	-0.0000
78.5000	-0.0000
78.5250	-0.0000
78.5500	-0.0000
78.5750	-0.0000
78.6000	-0.0000
78.6250	-0.0000
78.6500	-0.0000
78.6750	-0.0000
78.7000	-0.0000
78.7250	-0.0000
78.7500	-0.0000
78.7750	-0.0000
78.8000	-0.0000
78.8250	-0.0000
78.8500	-0.0000
78.8750	-0.0000
78.9000	-0.0000
78.9250	-0.0000
78.9500	-0.0000
78.9750	-0.0000
79.0000	-0.0000
79.0250	0.0000
79.0500	0.0000
79.0750	0.0000
79.1000	0.0000
79.1250	0.0000
79.1500	0.0000
79.1750	0.0000
79.2000	0.0000
79.2250	0.0000
79.2500	0.0000
79.2750	0.0000
79.3000	0.0000
79.3250	0.0000
79.3500	0.0000
79.3750	0.0000
79.4000	0.0000
79.4250	0.0000
79.4500	0.0000
79.4750	0.0000
79.5000	0.0000
79.5250	0.0000
79.5500	0.0000
79.5750	0.0000
79.6000	0.0000
79.6250	0.0000
79.6500	0.0000
79.6750	0.0000
79.7000	0.0000
79.7250	0.0000
79.7500	0.0000
79.7750	0.0000
79.8000	0.0000
79.8250	0.0000
79.8500	0.0000
79.8750	0.0000
79.9000	0.0000
79.9250	0.0000
79.9500	0.0000
79.9750	0.0000
80.0000	0.0000
80.0250	0.0000
80.0500	0.0000
80.0750	0.0000
80.1000	0.0000
80.1250	0.0000
80.1500	0.0000
80.1750	0.0000
80.2000	0.0000
80.2250	0.0000
80.2500	0.0000
80.2750	0.0000
80.3000	0.0000
80.3250	0.0000
80.3500	-0.0000
80.3750	-0.0000
80.4000	-0.0000
80.4250	-0.0000
80.4500	-0.0000
80.4750	-0.0000
80.5000	-0.0000
80.5250	-0.0000
80.5500	-0.0000
80.5750	-0.0000
80.6000	-0.0000
80.6250	-0.0000
80.6500	-0.0000
80.6750	-0.0000
80.7000	-0.0000
80.7250	-0.0000
80.7500	-0.0000
80.7750	-0.0000
80.8000	-0.0000
80.8250	-0.0000
80.8500	-0.0000
80.8750	-0.0000
80.9000	-0.0000
80.9250	-0.0000
80.9500	-0.0000
80.9750	-0.0000
81.0000	-0.0000
81.0250	-0.0000
81.0500	-0.0000
81.0750	-0.0000
81.1000	-0.0000
81.1250	-0.0000
81.1500	-0.0000
81.1750	-0.0000
81.2000	-0.0000
81.2250	-0.0000
81.2500	-0.0000
81.2750	-0.0000
81.3000	-0.0000
81.3250	-0.0000
81.3500	-0.0000
81.3750	-0.0000
81.4000	-0.0000
81.4250	-0.0000
81.4500	-0.0000
81.4750	-0.0000
81.5000	-0.0000
81.5250	-0.0000
81.5500	-0.0000
81.5750	-0.0000
81.6000	-0.0000
81.6250	-0.0000
81.6500	-0.0000
81.6750	-0.0000
81.7000	0.0000
81.7250	0.0000
81.7500	0.0000
81.7750	0.0000
81.8000	0.0000
81.8250	0.0000
81.8500	0.0000
81.8750	0.0000
81.9000	0.0000
81.9250	0.0000
81.9500	0.0000
81.9750	0.0000
82.0000	0.0000
82.0250	0.0000
82.0500	0.0000
82.0750	0.0000
82.1000	0.0000
82.1250	0.0000
82.1500	0.0000
82.1750	0.0000
82.2000	0.0000
82.2250	0.0000
82.2500	0.0000
82.2750	0.0000
82.3000	0.0000
82.3250	0.0000
82.3500	0.0000
82.3750	0.0000
82.4000	0.0000
82.4250	0.0000
82.4500	0.0000
82.4750	0.0000
82.5000	0.0000
82.5250	0.0000
82.5500	0.0000
82.5750	0.0000
82.6000	0.0000
82.6250	0.0000
82.6500	0.0000
82.6750	0.0000
82.7000	0.0000
82.7250	0.0000
82.7500	0.0000
82.7750	0.0000
82.8000	0.0000
82.8250	0.0000
82.8500	0.0000
82.8750	0.0000
82.9000	0.0000
82.9250	0.0000
82.9500	0.0000
82.9750	0.0000
83.0000	0.0000
83.0250	0.0000
83.0500	-0.0000
83.0750	-0.0000
83.1000	-0.0000
83.1250	-0.0000
83.1500	-0.0000
83.1750	-0.0000
83.2000	-0.0000
83.2250	-0.0000
83.2500	-0.0000
83.2750	-0.0000
83.3000	-0.0000
83.3250	-0.0000
83.3500	-0.0000
83.3750	-0.0000
83.4000	-0.0000
83.4250	-0.0000
83.4500	-0.0000
83.4750	-0.0000
83.5000	-0.0000
83.5250	-0.0000
83.5500	-0.0000
83.5750	-0.0000
83.6000	-0.0000
83.6250	-0.0000
83.6500	-0.0000
83.6750	-0.0000
83.7000	-0.0000
83.7250	-0.0000
83.7500	-0.0000
83.7750	-0.0000
83.8000	-0.0000
83.8250	-0.0000
83.8500	-0.0000
83.8750	-0.0000
83.9000	-0.0000
83.9250	-0.0000
83.9500	-0.0000
83.9750	-0.0000
84.0000	-0.0000
84.0250	-0.0000
84.0500	-0.0000
84.0750	-0.0000
84.1000	-0.0000
84.1250	-0.0000
84.1500	-0.0000
84.1750	-0.0000
84.2000	-0.0000
84.2250	-0.0000
84.2500	-0.0000
84.2750	-0.0000
84.3000	-0.0000
84.3250	-0.0000
84.3500	-0.0000
84.3750	-0.0000
84.4000	0.0000
84.4250	0.0000
84.4500	0.0000
84.4750	0.0000
84.5000	0.0000
84.5250	0.0000
84.5500	0.0000
84.5750	0.0000
84.6000	0.0000
84.6250	0.0000
84.6500	0.0000
84.6750	0.0000
84.7000	0.0000
84.7250	0.0000
84.7500	0.0000
84.7750	0.0000
84.8000	0.0000
84.8250	0.0000
84.8500	0.0000
84.8750	0.0000
84.9000	0.0000
84.9250	0.0000
84.9500	0.0000
84.9750	0.0000
85.0000	0.0000
85.0250	0.0000
85.0500	0.0000
85.0750	0.0000
85.1000	0.0000
85.1250	0.0000
85.1500	0.0000
85.1750	0.0000
85.2000	0.0000
85.2250	0.0000
85.2500	0.0000
85.2750	0.0000
85.3000	0.0000
85.3250	0.0000
85.3500	0.0000
85.3750	0.0000
85.4000	0.0000
85.4250	0.0000
85.4500	0.0000
85.4750	0.0000
85.5000	0.0000
85.5250	0.0000
85.5500	0.0000
85.5750	0.0000
85.6000	0.0000
85.6250	0.0000
85.6500	0.0000
85.6750	0.0000
85.7000	0.0000
85.7250	-0.0000
85.7500	-0.0000
85.7750	-0.0000
85.8000	-0.0000
85.8250	-0.0000
85.8500	-0.0000
85.8750	-0.0000
85.9000	-0.0000
85.9250	-0.0000
85.9500	-0.0000
85.9750	-0.0000
86.0000	-0.0000
86.0250	-0.0000
86.0500	-0.0000
86.0750	-0.0000
86.1000	-0.0000
86.1250	-0.0000
86.1500	-0.0000
86.1750	-0.0000
86.2000	-0.0000
86.2250	-0.0000
86.2500	-0.0000
86.2750	-0.0000
86.3000	-0.0000
86.3250	-0.0000
86.3500	-0.0000
86.3750	-0.0000
86.4000	-0.0000
86.4250	-0.0000
86.4500	-0.0000
86.4750	-0.0000
86.5000	-0.0000
86.5250	-0.0000
86.5500	-0.0000
86.5750	-0.0000
86.6000	-0.0000
86.6250	-0.0000
86.6500	-0.0000
86.6750	-0.0000
86.7000	-0.0000
86.7250	-0.0000
86.7500	-0.0000
86.7750	-0.0000
86.8000	-0.0000
86.8250	-0.0000
86.8500	-0.0000
86.8750	-0.0000
86.9000	-0.0000
86.9250	-0.0000
86.9500	-0.0000
86.9750	-0.0000
87.0000	-0.0000
87.0250	-0.0000
87.0500	-0.0000
87.0750	0.0000
87.1000	0.0000
87.1250	0.0000
87.1500	0.0000
87.1750	0.0000
87.2000	0.0000
87.2250	0.0000
87.2500	0.0000
87.2750	0.0000
87.3000	0.0000
87.3250	0.0000
87.3500	0.0000
87.3750	0.0000
87.4000	0.0000
87.4250	0.0000
87.4500	0.0000
87.4750	0.0000
87.5000	0.0000
87.5250	0.0000
87.5500	0.0000
87.5750	0.0000
87.6000	0.0000
87.6250	0.0000
87.6500	0.0000
87.6750	0.0000
87.7000	0.0000
87.7250	0.0000
87.7500	0.0000
87.7750	0.0000
87.8000	0.0000
87.8250	0.0000
87.8500	0.0000
87.8750	0.0000
87.9000	0.0000
87.9250	0.0000
87.9500	0.0000
87.9750	0.0000
88.0000	0.0000
88.0250	0.0000
88.0500	0.0000
88.0750	0.0000
88.1000	0.0000
88.1250	0.0000
88.1500	0.0000
88.1750	0.0000
88.2000	0.0000
88.2250	0.0000
88.2500	0.0000
88.2750	0.0000
88.3000	0.0000
88.3250	0.0000
88.3500	0.0000
88.3750	0.0000
88.4000	0.0000
88.4250	-0.0000
88.4500	-0.0000
88.4750	-0.0000
88.5000	-0.0000
88.5250	-0.0000
88.5500	-0.0000
88.5750	-0.0000
88.6000	-0.0000
88.6250	-0.0000
88.6500	-0.0000
88.6750	-0.0000
88.7000	-0.0000
88.7250	-0.0000
88.7500	-0.0000
88.7750	-0.0000
88.8000	-0.0000
88.8250	-0.0000
88.8500	-0.0000
88.8750	-0.0000
88.9000	-0.0000
88.9250	-0.0000
88.9500	-0.0000
88.9750	-0.0000
89.0000	-0.0000
89.0250	-0.0000
89.0500	-0.0000
89.0750	-0.0000
89.1000	-0.0000
89.1250	-0.0000
89.1500	-0.0000
89.1750	-0.0000
89.2000	-0.0000
89.2250	-0.0000
89.2500	-0.0000
89.2750	-0.0000
89.3000	-0.0000
89.3250	-0.0000
89.3500	-0.0000
89.3750	-0.0000
89.4000	-0.0000
89.4250	-0.0000
89.4500	-0.0000
89.4750	-0.0000
89.5000	-0.0000
89.5250	-0.0000
89.5500	-0.0000
89.5750	-0.0000
89.6000	-0.0000
89.6250	-0.0000
89.6500	-0.0000
89.6750	-0.0000
89.7000	-0.0000
89.7250	-0.0000
89.7500	-0.0000
89.7750	0.0000
89.8000	0.0000
89.8250	0.0000
89.8500	0.0000
89.8750	0.0000
89.9000	0.0000
89.9250	0.0000
89.9500	0.0000
89.9750	0.0000
90.0000	0.0000
90.0250	0.0000
90.0500	0.0000
90.0750	0.0000
90.1000	0.0000
90.1250	0.0000
90.1500	0.0000
90.1750	0.0000
90.2000	0.0000
90.2250	0.0000
90.2500	0.0000
90.2750	0.0000
90.3000	0.0000
90.3250	0.0000
90.3500	0.0000
90.3750	0.0000
90.4000	0.0000
90.4250	0.0000
90.4500	0.0000
90.4750	0.0000
90.5000	0.0000
90.5250	0.0000
90.5500	0.0000
90.5750	0.0000
90.6000	0.0000
90.6250	0.0000
90.6500	0.0000
90.6750	0.0000
90.7000	0.0000
90.7250	0.0000
90.7500	0.0000
90.7750	0.0000
90.8000	0.0000
90.8250	0.0000
90.8500	0.0000
90.8750	0.0000
90.9000	0.0000
90.9250	0.0000
90.9500	0.0000
90.9750	0.0000
91.0000	0.0000
91.0250	0.0000
91.0500	0.0000
91.0750	0.0000
91.1000	0.0000
91.1250	-0.0000
91.1500	-0.0000
91.1750	-0.0000
91.2000	-0.0000
91.2250	-0.0000
91.2500	-0.0000
91.2750	-0.0000
91.3000	-0.0000
91.3250	-0.0000
91.3500	-0.0000
91.3750	-0.0000
91.4000	-0.0000
91.4250	-0.0000
91.4500	-0.0000
91.4750	-0.0000
91.5000	-0.0000
91.5250	-0.0000
91.5500	-0.0000
91.5750	-0.0000
91.6000	-0.0000
91.6250	-0.0000
91.6500	-0.0000
91.6750	-0.0000
91.7000	-0.0000
91.7250	-0.0000
91.7500	-0.0000
91.7750	-0.0000
91.8000	-0.0000
91.8250	-0.0000
91.8500	-0.0000
91.8750	-0.0000
91.9000	-0.0000
91.9250	-0.0000
91.9500	-0.0000
91.9750	-0.0000
92.0000	-0.0000
92.0250	-0.0000
92.0500	-0.0000
92.0750	-0.0000
92.1000	-0.0000
92.1250	-0.0000
92.1500	-0.0000
92.1750	-0.0000
92.2000	-0.0000
92.2250	-0.0000
92.2500	-0.0000
92.2750	-0.0000
92.3000	-0.0000
92.3250	-0.0000
92.3500	-0.0000
92.3750	-0.0000
92.4000	-0.0000
92.4250	-0.0000
92.4500	-0.0000
92.4750	0.0000
92.5000	0.0000
92.5250	0.0000
92.5500	0.0000
92.5750	0.0000
92.6000	0.0000
92.6250	0.0000
92.6500	0.0000
92.6750	0.0000
92.7000	0.0000
92.7250	0.0000
92.7500	0.0000
92.7750	0.0000
92.8000	0.0000
92.8250	0.0000
92.8500	0.0000
92.8750	0.0000
92.9000	0.0000
92.9250	0.0000
92.9500	0.0000
92.9750	0.0000
93.0000	0.0000
93.0250	0.0000
93.0500	0.0000
93.0750	0.0000
93.1000	0.0000
93.1250	0.0000
93.1500	0.0000
93.1750	0.0000
93.2000	0.0000
93.2250	0.0000
93.2500	0.0000
93.2750	0.0000
93.3000	0.0000
93.3250	0.0000
93.3500	0.0000
93.3750	0.0000
93.4000	0.0000
93.4250	0.0000
93.4500	0.0000
93.4750	0.0000
93.5000	0.0000
93.5250	0.0000
93.5500	0.0000
93.5750	0.0000
93.6000	0.0000
93.6250	0.0000
93.6500	0.0000
93.6750	0.0000
93.7000	0.0000
93.7250	0.0000
93.7500	0.0000
93.7750	0.0000
93.8000	0.0000
93.8250	-0.0000
93.8500	-0.0000
93.8750	-0.0000
93.9000	-0.0000
93.9250	-0.0000
93.9500	-0.0000
93.9750	-0.0000
94.0000	-0.0000
94.0250	-0.0000
94.0500	-0.0000
94.0750	-0.0000
94.1000	-0.0000
94.1250	-0.0000
94.1500	-0.0000
94.1750	-0.0000
94.2000	-0.0000
94.2250	-0.0000
94.2500	-0.0000
94.2750	-0.0000
94.3000	-0.0000
94.3250	-0.0000
94.3500	-0.0000
94.3750	-0.0000
94.4000	-0.0000
94.4250	-0.0000
94.4500	-0.0000
94.4750	-0.0000
94.5000	-0.0000
94.5250	-0.0000
94.5500	-0.0000
94.5750	-0.0000
94.6000	-0.0000
94.6250	-0.0000
94.6500	-0.0000
94.6750	-0.0000
94.7000	-0.0000
94.7250	-0.0000
94.7500	-0.0000
94.7750	-0.0000
94.8000	-0.0000
94.8250	-0.0000
94.8500	-0.0000
94.8750	-0.0000
94.9000	-0.0000
94.9250	-0.0000
94.9500	-0.0000
94.9750	-0.0000
95.0000	-0.0000
95.0250	-0.0000
95.0500	-0.0000
95.0750	-0.0000
95.1000	-0.0000
95.1250	-0.0000
95.1500	-0.0000
95.1750	-0.0000
95.2000	0.0000
95.2250	0.0000
95.2500	0.0000
95.2750	0.0000
95.3000	0.0000
95.3250	0.0000
95.3500	0.0000
95.3750	0.0000
95.4000	0.0000
95.4250	0.0000
95.4500	0.0000
95.4750	0.0000
95.5000	0.0000
95.5250	0.0000
95.5500	0.0000
95.5750	0.0000
95.6000	0.0000
95.6250	0.0000
95.6500	0.0000
95.6750	0.0000
95.7000	0.0000
95.7250	0.0000
95.7500	0.0000
95.7750	0.0000
95.8000	0.0000
95.8250	0.0000
95.8500	0.0000
95.8750	0.0000
95.9000	0.0000
95.9250	0.0000
95.9500	0.0000
95.9750	0.0000
96.0000	0.0000
96.0250	0.0000
96.0500	0.0000
96.0750	0.0000
96.1000	0.0000
96.1250	0.0000
96.1500	0.0000
96.1750	0.0000
96.2000	0.0000
96.2250	0.0000
96.2500	0.0000
96.2750	0.0000
96.3000	0.0000
96.3250	0.0000
96.3500	0.0000
96.3750	0.0000
96.4000	0.0000
96.4250	0.0000
96.4500	0.0000
96.4750	0.0000
96.5000	0.0000
96.5250	0.0000
96.5500	0.0000
96.5750	-0.0000
96.6000	-0.0000
96.6250	-0.0000
96.6500	-0.0000
96.6750	-0.0000
96.7000	-0.0000
96.7250	-0.0000
96.7500	-0.0000
96.7750	-0.0000
96.8000	-0.0000
96.8250	-0.0000
96.8500	-0.0000
96.8750	-0.0000
96.9000	-0.0000
96.9250	-0.0000
96.9500	-0.0000
96.9750	-0.0000
97.0000	-0.0000
97.0250	-0.0000
97.0500	-0.0000
97.0750	-0.0000
97.1000	-0.0000
97.1250	-0.0000
97.1500	-0.0000
97.1750	-0.0000
97.2000	-0.0000
97.2250	-0.0000
97.2500	-0.0000
97.2750	-0.0000
97.3000	-0.0000
97.3250	-0.0000
97.3500	-0.0000
97.3750	-0.0000
97.4000	-0.0000
97.4250	-0.0000
97.4500	-0.0000
97.4750	-0.0000
97.5000	-0.0000
97.5250	-0.0000
97.5500	-0.0000
97.5750	-0.0000
97.6000	-0.0000
97.6250	-0.0000
97.6500	-0.0000
97.6750	-0.0000
97.7000	-0.0000
97.7250	-0.0000
97.7500	-0.0000
97.7750	-0.0000
97.8000	-0.0000
97.8250	-0.0000
97.8500	-0.0000
97.8750	-0.0000
97.9000	-0.0000
97.9250	-0.0000
97.9500	0.0000
97.9750	0.0000
98.0000	0.0000
98.0250	0.0000
98.0500	0.0000
98.0750	0.0000
98.1000	0.0000
98.1250	0.0000
98.1500	0.0000
98.1750	0.0000
98.2000	0.0000
98.2250	0.0000
98.2500	0.0000
98.2750	0.0000
98.3000	0.0000
98.3250	0.0000
98.3500	0.0000
98.3750	0.0000
98.4000	0.0000
98.4250	0.0000
98.4500	0.0000
98.4750	0.0000
98.5000	0.0000
98.5250	0.0000
98.5500	0.0000
98.5750	0.0000
98.6000	0.0000
98.6250	0.0000
98.6500	0.0000
98.6750	0.0000
98.7000	0.0000
98.7250	0.0000
98.7500	0.0000
98.7750	0.0000
98.8000	0.0000
98.8250	0.0000
98.8500	0.0000
98.8750	0.0000
98.9000	0.0000
98.9250	0.0000
98.9500	0.0000
98.9750	0.0000
99.0000	0.0000
99.0250	0.0000
99.0500	0.0000
99.0750	0.0000
99.1000	0.0000
99.1250	0.0000
99.1500	0.0000
99.1750	0.0000
99.2000	0.0000
99.2250	0.0000
99.2500	0.0000
99.2750	0.0000
99.3000	0.0000
99.3250	0.0000
99.3500	0.0000
99.3750	-0.0000
99.4000	-0.0000
99.4250	-0.0000
99.4500	-0.0000
99.4750	-0.0000
99.5000	-0.0000
99.5250	-0.0000
99.5500	-0.0000
99.5750	-0.0000
99.6000	-0.0000
99.6250	-0.0000
99.6500	-0.0000
99.6750	-0.0000
99.7000	-0.0000
99.7250	-0.0000
99.7500	-0.0000
99.7750	-0.0000
99.8000	-0.0000
99.8250	-0.0000
99.8500	-0.0000
99.8750	-0.0000
99.9000	-0.0000
99.9250	-0.0000
99.9500	-0.0000
99.9750	-0.0000
100.0000	-0.0000
100.0250	-0.0000
100.0500	-0.0000
100.0750	-0.0000
100.1000	-0.0000
100.1250	-0.0000
100.1500	-0.0000
100.1750	-0.0000
100.2000	-0.0000
100.2250	-0.0000
100.2500	-0.0000
100.2750	-0.0000
100.3000	-0.0000
100.3250	-0.0000
100.3500	-0.0000
100.3750	-0.0000
100.4000	-0.0000
100.4250	-0.0000
100.4500	-0.0000
100.4750	-0.0000
100.5000	-0.0000
100.5250	-0.0000
100.5500	-0.0000
100.5750	-0.0000
100.6000	-0.0000
100.6250	-0.0000
100.6500	-0.0000
100.6750	-0.0000
100.7000	-0.0000
100.7250	-0.0000
100.7500	-0.0000
100.7750	-0.0000
100.8000	-0.0000
100.8250	-0.0000
100.8500	0.0000
100.8750	0.0000
100.9000	0.0000
100.9250	0.0000
100.9500	0.0000
100.9750	0.0000
101.0000	0.0000
101.0250	0.0000
101.0500	0.0000
101.0750	0.0000
101.1000	0.0000
101.1250	0.0000
101.1500	0.0000
101.1750	0.0000
101.2000	0.0000
101.2250	0.0000
101.2500	0.0000
101.2750	0.0000
101.3000	0.0000
101.3250	0.0000
101.3500	0.0000
101.3750	0.0000
101.4000	0.0000
101.4250	0.0000
101.4500	0.0000
101.4750	0.0000
101.5000	0.0000
101.5250	0.0000
101.5500	0.0000
101.5750	0.0000
101.6000	0.0000
101.6250	0.0000
101.6500	0.0000
101.6750	0.0000
101.7000	0.0000
101.7250	0.0000
101.7500	0.0000
101.7750	0.0000
101.8000	0.0000
101.8250	0.0000
101.8500	0.0000
101.8750	0.0000
101.9000	0.0000
101.9250	0.0000
101.9500	0.0000
101.9750	0.0000
102.0000	0.0000
102.0250	0.0000
102.0500	0.0000
102.0750	0.0000
102.1000	0.0000
102.1250	0.0000
102.1500	0.0000
102.1750	0.0000
102.2000	0.0000
102.2250	0.0000
102.2500	0.0000
102.2750	0.0000
102.3000	0.0000
102.3250	0.0000
102.3500	0.0000
102.3750	0.0000
102.4000	0.0000
