0.0000	NaN
0.0383	0.0782
0.0767	0.0928
0.1150	0.1155
0.1534	0.1443
0.1917	0.1766
0.2301	0.2093
0.2684	0.2396
0.3068	0.2651
0.3451	0.2839
0.3835	0.2949
0.4218	0.2979
0.4602	0.2938
0.4985	0.2841
0.5369	0.2709
0.5752	0.2567
0.6136	0.2438
0.6519	0.2342
0.6903	0.2293
0.7286	0.2296
0.7670	0.2348
0.8053	0.2437
0.8437	0.2547
0.8820	0.2657
0.9204	0.2747
0.9587	0.2800
0.9971	0.2808
1.0354	0.2768
1.0738	0.2688
1.1121	0.2582
1.1505	0.2470
1.1888	0.2373
1.2272	0.2308
1.2655	0.2290
1.3039	0.2322
1.3422	0.2398
1.3806	0.2504
1.4189	0.2619
1.4573	0.2718
1.4956	0.2781
1.5340	0.2791
1.5723	0.2743
1.6107	0.2643
1.6490	0.2510
1.6874	0.2371
1.7257	0.2257
1.7641	0.2197
1.8024	0.2210
1.8408	0.2301
1.8791	0.2457
1.9175	0.2647
1.9558	0.2823
1.9942	0.2931
2.0325	0.2917
2.0709	0.2742
2.1092	0.2391
2.1476	0.1887
2.1859	0.1288
2.2243	0.0698
2.2626	0.0249
2.3010	0.0098
2.3393	0.0401
2.3777	0.1299
2.4160	0.2889
2.4544	0.5208
2.4927	0.8219
2.5311	1.1803
2.5694	1.5765
2.6078	1.9845
2.6461	2.3744
2.6845	2.7149
2.7228	2.9771
2.7612	3.1376
2.7995	3.1813
2.8379	3.1032
2.8762	2.9096
2.9146	2.6176
2.9529	2.2532
2.9913	1.8487
3.0296	1.4392
3.0680	1.0587
3.1063	0.7365
3.1447	0.4941
3.1830	0.3428
3.2214	0.2836
3.2597	0.3071
3.2981	0.3955
3.3364	0.5253
3.3748	0.6710
3.4131	0.8079
3.4515	0.9160
3.4898	0.9818
3.5282	1.0001
3.5665	0.9739
3.6049	0.9129
3.6432	0.8325
3.6816	0.7500
3.7199	0.6822
3.7583	0.6428
3.7966	0.6399
3.8350	0.6750
3.8733	0.7430
3.9117	0.8330
3.9500	0.9301
3.9884	1.0180
4.0267	1.0818
4.0650	1.1101
4.1034	1.0969
4.1417	1.0431
4.1801	0.9560
4.2184	0.8483
4.2568	0.7363
4.2951	0.6378
4.3335	0.5688
4.3718	0.5416
4.4102	0.5626
4.4485	0.6317
4.4869	0.7417
4.5252	0.8799
4.5636	1.0296
4.6019	1.1722
4.6403	1.2903
4.6786	1.3702
4.7170	1.4030
4.7553	1.3865
4.7937	1.3254
4.8320	1.2298
4.8704	1.1145
4.9087	0.9961
4.9471	0.8912
4.9854	0.8139
5.0238	0.7737
5.0621	0.7747
5.1005	0.8151
5.1388	0.8877
5.1772	0.9811
5.2155	1.0818
5.2539	1.1757
5.2922	1.2505
5.3306	1.2974
5.3689	1.3118
5.4073	1.2939
5.4456	1.2484
5.4840	1.1837
5.5223	1.1098
5.5607	1.0376
5.5990	0.9765
5.6374	0.9336
5.6757	0.9127
5.7141	0.9138
5.7524	0.9337
5.7908	0.9665
5.8291	1.0050
5.8675	1.0415
5.9058	1.0698
5.9442	1.0852
5.9825	1.0858
6.0209	1.0723
6.0592	1.0478
6.0976	1.0171
6.1359	0.9856
6.1743	0.9585
6.2126	0.9400
6.2510	0.9322
6.2893	0.9355
6.3277	0.9479
6.3660	0.9660
6.4044	0.9856
6.4427	1.0019
6.4811	1.0113
6.5194	1.0111
6.5578	1.0006
6.5961	0.9809
6.6345	0.9548
6.6728	0.9262
6.7112	0.8996
6.7495	0.8791
6.7879	0.8682
6.8262	0.8686
6.8646	0.8806
6.9029	0.9026
6.9413	0.9316
6.9796	0.9638
7.0180	0.9950
7.0563	1.0211
7.0947	1.0391
7.1330	1.0473
7.1714	1.0455
7.2097	1.0348
7.2481	1.0176
7.2864	0.9970
7.3248	0.9765
7.3631	0.9590
7.4015	0.9471
7.4398	0.9421
7.4782	0.9442
7.5165	0.9527
7.5549	0.9660
7.5932	0.9821
7.6316	0.9988
7.6699	1.0141
7.7083	1.0266
7.7466	1.0357
7.7850	1.0413
7.8233	1.0439
7.8617	1.0445
7.9000	1.0442
7.9384	1.0441
7.9767	1.0447
8.0150	1.0466
8.0534	1.0496
8.0917	1.0533
8.1301	1.0570
8.1684	1.0602
8.2068	1.0622
8.2451	1.0627
8.2835	1.0617
8.3218	1.0594
8.3602	1.0563
8.3985	1.0527
8.4369	1.0490
8.4752	1.0455
8.5136	1.0419
8.5519	1.0379
8.5903	1.0328
8.6286	1.0260
8.6670	1.0169
8.7053	1.0053
8.7437	0.9915
8.7820	0.9762
8.8204	0.9606
8.8587	0.9462
8.8971	0.9346
8.9354	0.9275
8.9738	0.9257
9.0121	0.9298
9.0505	0.9392
9.0888	0.9528
9.1272	0.9685
9.1655	0.9839
9.2039	0.9965
9.2422	1.0040
9.2806	1.0051
9.3189	0.9989
9.3573	0.9862
9.3956	0.9685
9.4340	0.9483
9.4723	0.9289
9.5107	0.9135
9.5490	0.9049
9.5874	0.9052
9.6257	0.9152
9.6641	0.9343
9.7024	0.9608
9.7408	0.9916
9.7791	1.0230
9.8175	1.0510
9.8558	1.0722
9.8942	1.0838
9.9325	1.0845
9.9709	1.0745
10.0092	1.0554
10.0476	1.0301
10.0859	1.0026
10.1243	0.9770
10.1626	0.9571
10.2010	0.9460
10.2393	0.9455
10.2777	0.9559
10.3160	0.9759
10.3544	1.0029
10.3927	1.0332
10.4311	1.0627
10.4694	1.0876
10.5078	1.1046
10.5461	1.1115
10.5845	1.1077
10.6228	1.0938
10.6612	1.0719
10.6995	1.0450
10.7379	1.0168
10.7762	0.9908
10.8146	0.9701
10.8529	0.9568
10.8913	0.9522
10.9296	0.9558
10.9680	0.9664
11.0063	0.9816
11.0447	0.9987
11.0830	1.0147
11.1214	1.0269
11.1597	1.0335
11.1981	1.0334
11.2364	1.0266
11.2748	1.0139
11.3131	0.9970
11.3515	0.9783
11.3898	0.9600
11.4282	0.9444
11.4665	0.9334
11.5049	0.9281
11.5432	0.9290
11.5816	0.9358
11.6199	0.9477
11.6583	0.9630
11.6966	0.9803
11.7350	0.9975
11.7733	1.0131
11.8117	1.0256
11.8500	1.0339
11.8884	1.0375
11.9267	1.0362
11.9651	1.0303
12.0034	1.0204
12.0417	1.0077
12.0801	0.9934
12.1184	0.9788
12.1568	0.9654
12.1951	0.9547
12.2335	0.9478
12.2718	0.9457
12.3102	0.9491
12.3485	0.9579
12.3869	0.9718
12.4252	0.9897
12.4636	1.0102
12.5019	1.0312
12.5403	1.0506
12.5786	1.0663
12.6170	1.0763
12.6553	1.0794
12.6937	1.0748
12.7320	1.0629
12.7704	1.0446
12.8087	1.0220
12.8471	0.9977
12.8854	0.9746
12.9238	0.9556
12.9621	0.9431
13.0005	0.9389
13.0388	0.9436
13.0772	0.9567
13.1155	0.9765
13.1539	1.0006
13.1922	1.0257
13.2306	1.0483
13.2689	1.0652
13.3073	1.0741
13.3456	1.0735
13.3840	1.0634
13.4223	1.0448
13.4607	1.0201
13.4990	0.9927
13.5374	0.9661
13.5757	0.9439
13.6141	0.9289
13.6524	0.9233
13.6908	0.9276
13.7291	0.9411
13.7675	0.9618
13.8058	0.9866
13.8442	1.0122
13.8825	1.0347
13.9209	1.0512
13.9592	1.0592
13.9976	1.0579
14.0359	1.0476
14.0743	1.0299
14.1126	1.0074
14.1510	0.9836
14.1893	0.9618
14.2277	0.9452
14.2660	0.9362
14.3044	0.9359
14.3427	0.9443
14.3811	0.9601
14.4194	0.9810
14.4578	1.0039
14.4961	1.0256
14.5345	1.0429
14.5728	1.0536
14.6112	1.0562
14.6495	1.0505
14.6879	1.0374
14.7262	1.0188
14.7646	0.9974
14.8029	0.9762
14.8413	0.9581
14.8796	0.9455
14.9180	0.9399
14.9563	0.9422
14.9947	0.9517
15.0330	0.9674
15.0714	0.9869
15.1097	1.0081
15.1481	1.0281
15.1864	1.0449
15.2248	1.0565
15.2631	1.0620
15.3015	1.0612
15.3398	1.0545
15.3782	1.0432
15.4165	1.0288
15.4549	1.0132
15.4932	0.9981
15.5316	0.9851
15.5699	0.9755
15.6083	0.9697
15.6466	0.9681
15.6850	0.9702
15.7233	0.9755
15.7617	0.9830
15.8000	0.9916
15.8384	1.0003
15.8767	1.0082
15.9151	1.0145
15.9534	1.0188
15.9917	1.0208
16.0301	1.0203
16.0684	1.0176
16.1068	1.0129
16.1451	1.0068
16.1835	0.9998
16.2218	0.9926
16.2602	0.9857
16.2985	0.9799
16.3369	0.9757
16.3752	0.9736
16.4136	0.9739
16.4519	0.9765
16.4903	0.9812
16.5286	0.9877
16.5670	0.9952
16.6053	1.0029
16.6437	1.0100
16.6820	1.0155
16.7204	1.0188
16.7587	1.0194
16.7971	1.0173
16.8354	1.0126
16.8738	1.0060
16.9121	0.9984
16.9505	0.9908
16.9888	0.9843
17.0272	0.9797
17.0655	0.9779
17.1039	0.9790
17.1422	0.9831
17.1806	0.9894
17.2189	0.9973
17.2573	1.0054
17.2956	1.0128
17.3340	1.0183
17.3723	1.0212
17.4107	1.0210
17.4490	1.0178
17.4874	1.0121
17.5257	1.0048
17.5641	0.9970
17.6024	0.9899
17.6408	0.9846
17.6791	0.9820
17.7175	0.9825
17.7558	0.9862
17.7942	0.9925
17.8325	1.0007
17.8709	1.0095
17.9092	1.0178
17.9476	1.0244
17.9859	1.0285
18.0243	1.0294
18.0626	1.0270
18.1010	1.0217
18.1393	1.0141
18.1777	1.0052
18.2160	0.9962
18.2544	0.9880
18.2927	0.9816
18.3311	0.9776
18.3694	0.9763
18.4078	0.9776
18.4461	0.9811
18.4845	0.9862
18.5228	0.9921
18.5612	0.9981
18.5995	1.0036
18.6379	1.0079
18.6762	1.0108
18.7146	1.0122
18.7529	1.0121
18.7913	1.0109
18.8296	1.0087
18.8680	1.0058
18.9063	1.0026
18.9447	0.9992
18.9830	0.9959
19.0214	0.9927
19.0597	0.9898
19.0981	0.9873
19.1364	0.9853
19.1748	0.9841
19.2131	0.9839
19.2515	0.9849
19.2898	0.9872
19.3282	0.9908
19.3665	0.9956
19.4049	1.0012
19.4432	1.0071
19.4816	1.0127
19.5199	1.0173
19.5583	1.0202
19.5966	1.0210
19.6350	1.0194
19.6733	1.0155
19.7117	1.0097
19.7500	1.0025
19.7884	0.9950
19.8267	0.9880
19.8651	0.9827
19.9034	0.9798
19.9418	0.9798
19.9801	0.9827
20.0184	0.9884
20.0568	0.9960
20.0951	1.0046
20.1335	1.0130
20.1718	1.0200
20.2102	1.0247
20.2485	1.0264
20.2869	1.0249
20.3252	1.0203
20.3636	1.0132
20.4019	1.0048
20.4403	0.9960
20.4786	0.9881
20.5170	0.9821
20.5553	0.9786
20.5937	0.9781
20.6320	0.9802
20.6704	0.9847
20.7087	0.9905
20.7471	0.9967
20.7854	1.0023
20.8238	1.0066
20.8621	1.0089
20.9005	1.0091
20.9388	1.0074
20.9772	1.0044
21.0155	1.0007
21.0539	0.9973
21.0922	0.9948
21.1306	0.9938
21.1689	0.9945
21.2073	0.9968
21.2456	1.0002
21.2840	1.0041
21.3223	1.0077
21.3607	1.0102
21.3990	1.0110
21.4374	1.0099
21.4757	1.0070
21.5141	1.0026
21.5524	0.9974
21.5908	0.9924
21.6291	0.9883
21.6675	0.9861
21.7058	0.9861
21.7442	0.9884
21.7825	0.9927
21.8209	0.9983
21.8592	1.0043
21.8976	1.0097
21.9359	1.0134
21.9743	1.0148
22.0126	1.0134
22.0510	1.0094
22.0893	1.0033
22.1277	0.9961
22.1660	0.9890
22.2044	0.9832
22.2427	0.9799
22.2811	0.9797
22.3194	0.9829
22.3578	0.9893
22.3961	0.9981
22.4345	1.0080
22.4728	1.0175
22.5112	1.0253
22.5495	1.0299
22.5879	1.0305
22.6262	1.0269
22.6646	1.0192
22.7029	1.0086
22.7413	0.9962
22.7796	0.9839
22.8180	0.9734
22.8563	0.9661
22.8947	0.9631
22.9330	0.9648
22.9714	0.9711
23.0097	0.9812
23.0481	0.9936
23.0864	1.0067
23.1248	1.0188
23.1631	1.0282
23.2015	1.0338
23.2398	1.0349
23.2782	1.0316
23.3165	1.0246
23.3549	1.0149
23.3932	1.0040
23.4316	0.9936
23.4699	0.9849
23.5083	0.9793
23.5466	0.9771
23.5850	0.9785
23.6233	0.9830
23.6617	0.9897
23.7000	0.9973
23.7384	1.0045
23.7767	1.0102
23.8151	1.0135
23.8534	1.0141
23.8918	1.0119
23.9301	1.0074
23.9684	1.0016
24.0068	0.9954
24.0451	0.9898
24.0835	0.9859
24.1218	0.9843
24.1602	0.9851
24.1985	0.9883
24.2369	0.9933
24.2752	0.9992
24.3136	1.0053
24.3519	1.0104
24.3903	1.0140
24.4286	1.0155
24.4670	1.0148
24.5053	1.0121
24.5437	1.0079
24.5820	1.0031
24.6204	0.9982
24.6587	0.9941
24.6971	0.9914
24.7354	0.9903
24.7738	0.9907
24.8121	0.9926
24.8505	0.9952
24.8888	0.9982
24.9272	1.0007
24.9655	1.0024
25.0039	1.0030
25.0422	1.0022
25.0806	1.0003
25.1189	0.9978
25.1573	0.9950
25.1956	0.9927
25.2340	0.9913
25.2723	0.9911
25.3107	0.9925
25.3490	0.9952
25.3874	0.9990
25.4257	1.0034
25.4641	1.0078
25.5024	1.0117
25.5408	1.0146
25.5791	1.0159
25.6175	1.0157
25.6558	1.0140
25.6942	1.0109
25.7325	1.0070
25.7709	1.0026
25.8092	0.9982
25.8476	0.9943
25.8859	0.9912
25.9243	0.9891
25.9626	0.9878
26.0010	0.9875
26.0393	0.9879
26.0777	0.9888
26.1160	0.9901
26.1544	0.9916
26.1927	0.9934
26.2311	0.9954
26.2694	0.9977
26.3078	1.0004
26.3461	1.0033
26.3845	1.0064
26.4228	1.0096
26.4612	1.0124
26.4995	1.0147
26.5379	1.0159
26.5762	1.0158
26.6146	1.0142
26.6529	1.0110
26.6913	1.0065
26.7296	1.0010
26.7680	0.9952
26.8063	0.9897
26.8447	0.9852
26.8830	0.9824
26.9214	0.9817
26.9597	0.9832
26.9981	0.9869
27.0364	0.9923
27.0748	0.9988
27.1131	1.0054
27.1515	1.0113
27.1898	1.0157
27.2282	1.0178
27.2665	1.0174
27.3049	1.0145
27.3432	1.0094
27.3816	1.0028
27.4199	0.9956
27.4583	0.9889
27.4966	0.9836
27.5350	0.9804
27.5733	0.9800
27.6117	0.9822
27.6500	0.9870
27.6884	0.9936
27.7267	1.0012
27.7651	1.0087
27.8034	1.0151
27.8418	1.0197
27.8801	1.0217
27.9185	1.0210
27.9568	1.0177
27.9951	1.0123
28.0335	1.0054
28.0718	0.9982
28.1102	0.9914
28.1485	0.9859
28.1869	0.9824
28.2252	0.9811
28.2636	0.9820
28.3019	0.9849
28.3403	0.9892
28.3786	0.9941
28.4170	0.9990
28.4553	1.0032
28.4937	1.0063
28.5320	1.0079
28.5704	1.0082
28.6087	1.0073
28.6471	1.0055
28.6854	1.0035
28.7238	1.0017
28.7621	1.0004
28.8005	0.9999
28.8388	1.0002
28.8772	1.0013
28.9155	1.0027
28.9539	1.0041
28.9922	1.0052
29.0306	1.0056
29.0689	1.0050
29.1073	1.0035
29.1456	1.0013
29.1840	0.9986
29.2223	0.9959
29.2607	0.9937
29.2990	0.9923
29.3374	0.9922
29.3757	0.9933
29.4141	0.9956
29.4524	0.9989
29.4908	1.0025
29.5291	1.0060
29.5675	1.0088
29.6058	1.0104
29.6442	1.0106
29.6825	1.0090
29.7209	1.0061
29.7592	1.0020
29.7976	0.9974
29.8359	0.9928
29.8743	0.9891
29.9126	0.9866
29.9510	0.9860
29.9893	0.9872
30.0277	0.9901
30.0660	0.9945
30.1044	0.9997
30.1427	1.0051
30.1811	1.0098
30.2194	1.0132
30.2578	1.0149
30.2961	1.0146
30.3345	1.0123
30.3728	1.0082
30.4112	1.0030
30.4495	0.9972
30.4879	0.9916
30.5262	0.9869
30.5646	0.9836
30.6029	0.9822
30.6413	0.9828
30.6796	0.9853
30.7180	0.9892
30.7563	0.9942
30.7947	0.9995
30.8330	1.0045
30.8714	1.0088
30.9097	1.0117
30.9481	1.0132
30.9864	1.0131
31.0248	1.0116
31.0631	1.0091
31.1015	1.0059
31.1398	1.0025
31.1782	0.9994
31.2165	0.9969
31.2549	0.9953
31.2932	0.9946
31.3316	0.9948
31.3699	0.9959
31.4083	0.9974
31.4466	0.9993
31.4850	1.0010
31.5233	1.0025
31.5617	1.0036
31.6000	1.0041
31.6384	1.0040
31.6767	1.0035
31.7151	1.0026
31.7534	1.0014
31.7918	1.0002
31.8301	0.9991
31.8685	0.9981
31.9068	0.9974
31.9451	0.9969
31.9835	0.9968
32.0218	0.9969
32.0602	0.9972
32.0985	0.9977
32.1369	0.9984
32.1752	0.9993
32.2136	1.0002
32.2519	1.0012
32.2903	1.0022
32.3286	1.0031
32.3670	1.0038
32.4053	1.0043
32.4437	1.0044
32.4820	1.0041
32.5204	1.0033
32.5587	1.0021
32.5971	1.0006
32.6354	0.9989
32.6738	0.9972
32.7121	0.9956
32.7505	0.9945
32.7888	0.9939
32.8272	0.9941
32.8655	0.9949
32.9039	0.9964
32.9422	0.9983
32.9806	1.0004
33.0189	1.0024
33.0573	1.0041
33.0956	1.0051
33.1340	1.0052
33.1723	1.0044
33.2107	1.0027
33.2490	1.0004
33.2874	0.9977
33.3257	0.9951
33.3641	0.9930
33.4024	0.9916
33.4408	0.9914
33.4791	0.9924
33.5175	0.9946
33.5558	0.9978
33.5942	1.0016
33.6325	1.0056
33.6709	1.0092
33.7092	1.0119
33.7476	1.0132
33.7859	1.0131
33.8243	1.0114
33.8626	1.0082
33.9010	1.0040
33.9393	0.9993
33.9777	0.9946
34.0160	0.9906
34.0544	0.9878
34.0927	0.9865
34.1311	0.9869
34.1694	0.9889
34.2078	0.9922
34.2461	0.9964
34.2845	1.0008
34.3228	1.0048
34.3612	1.0079
34.3995	1.0097
34.4379	1.0100
34.4762	1.0089
34.5146	1.0065
34.5529	1.0033
34.5913	0.9999
34.6296	0.9969
34.6680	0.9947
34.7063	0.9938
34.7447	0.9943
34.7830	0.9961
34.8214	0.9988
34.8597	1.0021
34.8981	1.0053
34.9364	1.0077
34.9748	1.0090
35.0131	1.0086
35.0515	1.0067
35.0898	1.0032
35.1282	0.9988
35.1665	0.9939
35.2049	0.9893
35.2432	0.9858
35.2816	0.9840
35.3199	0.9843
35.3583	0.9868
35.3966	0.9913
35.4350	0.9974
35.4733	1.0041
35.5117	1.0107
35.5500	1.0162
35.5884	1.0199
35.6267	1.0211
35.6651	1.0196
35.7034	1.0155
35.7418	1.0092
35.7801	1.0016
35.8185	0.9935
35.8568	0.9860
35.8952	0.9802
35.9335	0.9767
35.9718	0.9761
36.0102	0.9783
36.0485	0.9832
36.0869	0.9901
36.1252	0.9981
36.1636	1.0061
36.2019	1.0132
36.2403	1.0185
36.2786	1.0214
36.3170	1.0217
36.3553	1.0194
36.3937	1.0149
36.4320	1.0090
36.4704	1.0026
36.5087	0.9964
36.5471	0.9913
36.5854	0.9878
36.6238	0.9864
36.6621	0.9869
36.7005	0.9892
36.7388	0.9926
36.7772	0.9967
36.8155	1.0006
36.8539	1.0038
36.8922	1.0059
36.9306	1.0067
36.9689	1.0061
37.0073	1.0045
37.0456	1.0024
37.0840	1.0001
37.1223	0.9982
37.1607	0.9972
37.1990	0.9971
37.2374	0.9981
37.2757	1.0000
37.3141	1.0023
37.3524	1.0046
37.3908	1.0064
37.4291	1.0072
37.4675	1.0068
37.5058	1.0051
37.5442	1.0021
37.5825	0.9983
37.6209	0.9942
37.6592	0.9904
37.6976	0.9875
37.7359	0.9859
37.7743	0.9860
37.8126	0.9878
37.8510	0.9913
37.8893	0.9959
37.9277	1.0010
37.9660	1.0060
38.0044	1.0103
38.0427	1.0131
38.0811	1.0143
38.1194	1.0136
38.1578	1.0111
38.1961	1.0073
38.2345	1.0027
38.2728	0.9980
38.3112	0.9937
38.3495	0.9905
38.3879	0.9888
38.4262	0.9887
38.4646	0.9901
38.5029	0.9928
38.5413	0.9962
38.5796	0.9999
38.6180	1.0033
38.6563	1.0058
38.6947	1.0073
38.7330	1.0075
38.7714	1.0066
38.8097	1.0048
38.8481	1.0024
38.8864	1.0001
38.9248	0.9981
38.9631	0.9968
39.0015	0.9965
39.0398	0.9971
39.0782	0.9985
39.1165	1.0004
39.1549	1.0025
39.1932	1.0043
39.2316	1.0054
39.2699	1.0057
39.3083	1.0050
39.3466	1.0033
39.3850	1.0009
39.4233	0.9982
39.4617	0.9955
39.5000	0.9932
39.5384	0.9916
39.5767	0.9911
39.6151	0.9916
39.6534	0.9931
39.6918	0.9954
39.7301	0.9981
39.7685	1.0010
39.8068	1.0035
39.8452	1.0055
39.8835	1.0068
39.9219	1.0073
39.9602	1.0070
39.9985	1.0062
40.0369	1.0050
40.0752	1.0036
40.1136	1.0024
40.1519	1.0014
40.1903	1.0006
40.2286	1.0001
40.2670	0.9997
40.3053	0.9992
40.3437	0.9984
40.3820	0.9974
40.4204	0.9960
40.4587	0.9944
40.4971	0.9928
40.5354	0.9914
40.5738	0.9906
40.6121	0.9906
40.6505	0.9917
40.6888	0.9940
40.7272	0.9974
40.7655	1.0017
40.8039	1.0063
40.8422	1.0108
40.8806	1.0145
40.9189	1.0170
40.9573	1.0177
40.9956	1.0165
41.0340	1.0133
41.0723	1.0084
41.1107	1.0024
41.1490	0.9958
41.1874	0.9895
41.2257	0.9843
41.2641	0.9809
41.3024	0.9797
41.3408	0.9810
41.3791	0.9845
41.4175	0.9899
41.4558	0.9965
41.4942	1.0035
41.5325	1.0100
41.5709	1.0152
41.6092	1.0183
41.6476	1.0191
41.6859	1.0175
41.7243	1.0137
41.7626	1.0082
41.8010	1.0018
41.8393	0.9954
41.8777	0.9898
41.9160	0.9856
41.9544	0.9835
41.9927	0.9836
42.0311	0.9858
42.0694	0.9898
42.1078	0.9949
42.1461	1.0003
42.1845	1.0054
42.2228	1.0094
42.2612	1.0118
42.2995	1.0123
42.3379	1.0109
42.3762	1.0080
42.4146	1.0039
42.4529	0.9994
42.4913	0.9951
42.5296	0.9917
42.5680	0.9897
42.6063	0.9893
42.6447	0.9907
42.6830	0.9935
42.7214	0.9975
42.7597	1.0020
42.7981	1.0064
42.8364	1.0099
42.8748	1.0122
42.9131	1.0129
42.9515	1.0118
42.9898	1.0091
43.0282	1.0051
43.0665	1.0003
43.1049	0.9953
43.1432	0.9908
43.1816	0.9873
43.2199	0.9852
43.2583	0.9849
43.2966	0.9864
43.3350	0.9894
43.3733	0.9937
43.4117	0.9988
43.4500	1.0040
43.4884	1.0087
43.5267	1.0124
43.5651	1.0148
43.6034	1.0155
43.6418	1.0145
43.6801	1.0120
43.7185	1.0083
43.7568	1.0037
43.7952	0.9988
43.8335	0.9941
43.8719	0.9902
43.9102	0.9874
43.9485	0.9859
43.9869	0.9860
44.0252	0.9876
44.0636	0.9904
44.1019	0.9943
44.1403	0.9987
44.1786	1.0032
44.2170	1.0074
44.2553	1.0108
44.2937	1.0132
44.3320	1.0143
44.3704	1.0139
44.4087	1.0123
44.4471	1.0094
44.4854	1.0057
44.5238	1.0014
44.5621	0.9970
44.6005	0.9929
44.6388	0.9894
44.6772	0.9869
44.7155	0.9855
44.7539	0.9854
44.7922	0.9865
44.8306	0.9888
44.8689	0.9919
44.9073	0.9955
44.9456	0.9994
44.9840	1.0032
45.0223	1.0065
45.0607	1.0091
45.0990	1.0108
45.1374	1.0115
45.1757	1.0112
45.2141	1.0100
45.2524	1.0081
45.2908	1.0057
45.3291	1.0031
45.3675	1.0005
45.4058	0.9982
45.4442	0.9964
45.4825	0.9952
45.5209	0.9945
45.5592	0.9946
45.5976	0.9952
45.6359	0.9962
45.6743	0.9974
45.7126	0.9988
45.7510	1.0001
45.7893	1.0012
45.8277	1.0020
45.8660	1.0023
45.9044	1.0023
45.9427	1.0018
45.9811	1.0010
46.0194	1.0001
46.0578	0.9990
46.0961	0.9980
46.1345	0.9972
46.1728	0.9966
46.2112	0.9965
46.2495	0.9967
46.2879	0.9973
46.3262	0.9983
46.3646	0.9995
46.4029	1.0008
46.4413	1.0021
46.4796	1.0032
46.5180	1.0040
46.5563	1.0044
46.5947	1.0044
46.6330	1.0039
46.6714	1.0029
46.7097	1.0017
46.7481	1.0003
46.7864	0.9989
46.8248	0.9977
46.8631	0.9968
46.9015	0.9962
46.9398	0.9962
46.9782	0.9966
47.0165	0.9975
47.0549	0.9986
47.0932	0.9998
47.1316	1.0010
47.1699	1.0020
47.2083	1.0026
47.2466	1.0027
47.2850	1.0024
47.3233	1.0017
47.3617	1.0006
47.4000	0.9993
47.4384	0.9981
47.4767	0.9970
47.5151	0.9963
47.5534	0.9961
47.5918	0.9963
47.6301	0.9971
47.6685	0.9982
47.7068	0.9996
47.7452	1.0011
47.7835	1.0025
47.8219	1.0036
47.8602	1.0043
47.8986	1.0045
47.9369	1.0042
47.9752	1.0035
48.0136	1.0024
48.0519	1.0012
48.0903	1.0000
48.1286	0.9989
48.1670	0.9981
48.2053	0.9976
48.2437	0.9975
48.2820	0.9977
48.3204	0.9981
48.3587	0.9987
48.3971	0.9994
48.4354	1.0000
48.4738	1.0005
48.5121	1.0009
48.5505	1.0011
48.5888	1.0013
48.6272	1.0014
48.6655	1.0014
48.7039	1.0015
48.7422	1.0017
48.7806	1.0018
48.8189	1.0020
48.8573	1.0020
48.8956	1.0019
48.9340	1.0016
48.9723	1.0010
49.0107	1.0002
49.0490	0.9991
49.0874	0.9980
49.1257	0.9969
49.1641	0.9960
49.2024	0.9955
49.2408	0.9955
49.2791	0.9960
49.3175	0.9971
49.3558	0.9985
49.3942	1.0002
49.4325	1.0020
49.4709	1.0035
49.5092	1.0046
49.5476	1.0051
49.5859	1.0048
49.6243	1.0037
49.6626	1.0019
49.7010	0.9997
49.7393	0.9973
49.7777	0.9949
49.8160	0.9931
49.8544	0.9919
49.8927	0.9916
49.9311	0.9923
49.9694	0.9940
50.0078	0.9963
50.0461	0.9992
50.0845	1.0021
50.1228	1.0049
50.1612	1.0071
50.1995	1.0085
50.2379	1.0090
50.2762	1.0085
50.3146	1.0072
50.3529	1.0053
50.3913	1.0029
50.4296	1.0005
50.4680	0.9983
50.5063	0.9966
50.5447	0.9955
50.5830	0.9951
50.6214	0.9952
50.6597	0.9959
50.6981	0.9969
50.7364	0.9980
50.7748	0.9990
50.8131	0.9998
50.8515	1.0004
50.8898	1.0006
50.9282	1.0007
50.9665	1.0006
51.0049	1.0006
51.0432	1.0007
51.0816	1.0010
51.1199	1.0015
51.1583	1.0021
51.1966	1.0028
51.2350	1.0034
51.2733	1.0037
51.3117	1.0036
51.3500	1.0030
51.3884	1.0019
51.4267	1.0004
51.4651	0.9986
51.5034	0.9968
51.5418	0.9953
51.5801	0.9942
51.6185	0.9939
51.6568	0.9943
51.6952	0.9955
51.7335	0.9974
51.7719	0.9997
51.8102	1.0021
51.8486	1.0043
51.8869	1.0060
51.9252	1.0069
51.9636	1.0069
52.0019	1.0058
52.0403	1.0040
52.0786	1.0015
52.1170	0.9988
52.1553	0.9962
52.1937	0.9940
52.2320	0.9926
52.2704	0.9922
52.3087	0.9928
52.3471	0.9943
52.3854	0.9965
52.4238	0.9991
52.4621	1.0017
52.5005	1.0040
52.5388	1.0056
52.5772	1.0063
52.6155	1.0062
52.6539	1.0052
52.6922	1.0035
52.7306	1.0014
52.7689	0.9993
52.8073	0.9975
52.8456	0.9961
52.8840	0.9954
52.9223	0.9955
52.9607	0.9963
52.9990	0.9975
53.0374	0.9991
53.0757	1.0006
53.1141	1.0019
53.1524	1.0028
53.1908	1.0032
53.2291	1.0030
53.2675	1.0024
53.3058	1.0014
53.3442	1.0004
53.3825	0.9995
53.4209	0.9989
53.4592	0.9987
53.4976	0.9989
53.5359	0.9994
53.5743	1.0002
53.6126	1.0010
53.6510	1.0016
53.6893	1.0020
53.7277	1.0018
53.7660	1.0013
53.8044	1.0003
53.8427	0.9991
53.8811	0.9979
53.9194	0.9969
53.9578	0.9962
53.9961	0.9961
54.0345	0.9965
54.0728	0.9976
54.1112	0.9990
54.1495	1.0007
54.1879	1.0023
54.2262	1.0035
54.2646	1.0043
54.3029	1.0043
54.3413	1.0036
54.3796	1.0023
54.4180	1.0005
54.4563	0.9986
54.4947	0.9967
54.5330	0.9953
54.5714	0.9946
54.6097	0.9947
54.6481	0.9956
54.6864	0.9973
54.7248	0.9996
54.7631	1.0020
54.8015	1.0044
54.8398	1.0063
54.8782	1.0075
54.9165	1.0078
54.9549	1.0071
54.9932	1.0055
55.0316	1.0033
55.0699	1.0007
55.1083	0.9981
55.1466	0.9957
55.1850	0.9940
55.2233	0.9930
55.2617	0.9928
55.3000	0.9935
55.3384	0.9949
55.3767	0.9968
55.4151	0.9988
55.4534	1.0009
55.4918	1.0026
55.5301	1.0040
55.5685	1.0047
55.6068	1.0049
55.6452	1.0046
55.6835	1.0040
55.7219	1.0030
55.7602	1.0019
55.7986	1.0008
55.8369	0.9997
55.8753	0.9987
55.9136	0.9979
55.9519	0.9971
55.9903	0.9965
56.0286	0.9959
56.0670	0.9956
56.1053	0.9954
56.1437	0.9956
56.1820	0.9961
56.2204	0.9971
56.2587	0.9985
56.2971	1.0003
56.3354	1.0024
56.3738	1.0045
56.4121	1.0064
56.4505	1.0079
56.4888	1.0086
56.5272	1.0085
56.5655	1.0074
56.6039	1.0053
56.6422	1.0024
56.6806	0.9990
56.7189	0.9955
56.7573	0.9923
56.7956	0.9899
56.8340	0.9886
56.8723	0.9886
56.9107	0.9899
56.9490	0.9925
56.9874	0.9960
57.0257	1.0000
57.0641	1.0040
57.1024	1.0074
57.1408	1.0099
57.1791	1.0109
57.2175	1.0105
57.2558	1.0087
57.2942	1.0058
57.3325	1.0021
57.3709	0.9983
57.4092	0.9948
57.4476	0.9923
57.4859	0.9909
57.5243	0.9910
57.5626	0.9925
57.6010	0.9952
57.6393	0.9986
57.6777	1.0023
57.7160	1.0056
57.7544	1.0082
57.7927	1.0095
57.8311	1.0095
57.8694	1.0081
57.9078	1.0056
57.9461	1.0023
57.9845	0.9987
58.0228	0.9954
58.0612	0.9928
58.0995	0.9912
58.1379	0.9910
58.1762	0.9920
58.2146	0.9940
58.2529	0.9967
58.2913	0.9997
58.3296	1.0025
58.3680	1.0045
58.4063	1.0057
58.4447	1.0057
58.4830	1.0047
58.5214	1.0029
58.5597	1.0006
58.5981	0.9982
58.6364	0.9962
58.6748	0.9948
58.7131	0.9945
58.7515	0.9952
58.7898	0.9968
58.8282	0.9991
58.8665	1.0017
58.9049	1.0043
58.9432	1.0063
58.9816	1.0075
59.0199	1.0077
59.0583	1.0068
59.0966	1.0049
59.1350	1.0023
59.1733	0.9993
59.2117	0.9964
59.2500	0.9940
59.2884	0.9924
59.3267	0.9918
59.3651	0.9923
59.4034	0.9937
59.4418	0.9960
59.4801	0.9987
59.5185	1.0014
59.5568	1.0039
59.5952	1.0057
59.6335	1.0068
59.6719	1.0069
59.7102	1.0063
59.7486	1.0049
59.7869	1.0031
59.8253	1.0011
59.8636	0.9992
59.9019	0.9976
59.9403	0.9964
59.9786	0.9958
60.0170	0.9957
60.0553	0.9961
60.0937	0.9968
60.1320	0.9976
60.1704	0.9984
60.2087	0.9992
60.2471	0.9998
60.2854	1.0003
60.3238	1.0006
60.3621	1.0008
60.4005	1.0010
60.4388	1.0012
60.4772	1.0014
60.5155	1.0016
60.5539	1.0018
60.5922	1.0019
60.6306	1.0018
60.6689	1.0016
60.7073	1.0011
60.7456	1.0005
60.7840	0.9998
60.8223	0.9991
60.8607	0.9985
60.8990	0.9982
60.9374	0.9983
60.9757	0.9987
61.0141	0.9995
61.0524	1.0005
61.0908	1.0016
61.1291	1.0026
61.1675	1.0033
61.2058	1.0035
61.2442	1.0031
61.2825	1.0021
61.3209	1.0005
61.3592	0.9985
61.3976	0.9964
61.4359	0.9945
61.4743	0.9929
61.5126	0.9921
61.5510	0.9921
61.5893	0.9931
61.6277	0.9949
61.6660	0.9975
61.7044	1.0004
61.7427	1.0034
61.7811	1.0062
61.8194	1.0082
61.8578	1.0094
61.8961	1.0096
61.9345	1.0087
61.9728	1.0069
62.0112	1.0045
62.0495	1.0017
62.0879	0.9989
62.1262	0.9964
62.1646	0.9946
62.2029	0.9937
62.2413	0.9936
62.2796	0.9944
62.3180	0.9959
62.3563	0.9978
62.3947	0.9998
62.4330	1.0017
62.4714	1.0032
62.5097	1.0041
62.5481	1.0043
62.5864	1.0039
62.6248	1.0030
62.6631	1.0017
62.7015	1.0002
62.7398	0.9987
62.7782	0.9973
62.8165	0.9964
62.8549	0.9959
62.8932	0.9958
62.9316	0.9961
62.9699	0.9968
63.0083	0.9978
63.0466	0.9989
63.0850	1.0000
63.1233	1.0011
63.1617	1.0021
63.2000	1.0029
63.2384	1.0035
63.2767	1.0039
63.3151	1.0039
63.3534	1.0037
63.3918	1.0031
63.4301	1.0022
63.4685	1.0010
63.5068	0.9995
63.5452	0.9980
63.5835	0.9964
63.6219	0.9951
63.6602	0.9941
63.6986	0.9936
63.7369	0.9938
63.7753	0.9947
63.8136	0.9963
63.8520	0.9984
63.8903	1.0009
63.9286	1.0035
63.9670	1.0058
64.0053	1.0076
64.0437	1.0085
64.0820	1.0085
64.1204	1.0074
64.1587	1.0054
64.1971	1.0026
64.2354	0.9994
64.2738	0.9963
64.3121	0.9936
64.3505	0.9917
64.3888	0.9908
64.4272	0.9913
64.4655	0.9929
64.5039	0.9955
64.5422	0.9988
64.5806	1.0023
64.6189	1.0055
64.6573	1.0080
64.6956	1.0094
64.7340	1.0095
64.7723	1.0082
64.8107	1.0058
64.8490	1.0026
64.8874	0.9990
64.9257	0.9955
64.9641	0.9926
65.0024	0.9907
65.0408	0.9901
65.0791	0.9909
65.1175	0.9929
65.1558	0.9958
65.1942	0.9994
65.2325	1.0029
65.2709	1.0061
65.3092	1.0084
65.3476	1.0095
65.3859	1.0094
65.4243	1.0080
65.4626	1.0057
65.5010	1.0027
65.5393	0.9995
65.5777	0.9966
65.6160	0.9943
65.6544	0.9929
65.6927	0.9925
65.7311	0.9932
65.7694	0.9948
65.8078	0.9969
65.8461	0.9993
65.8845	1.0016
65.9228	1.0035
65.9612	1.0046
65.9995	1.0050
66.0379	1.0046
66.0762	1.0036
66.1146	1.0021
66.1529	1.0004
66.1913	0.9989
66.2296	0.9976
66.2680	0.9968
66.3063	0.9965
66.3447	0.9968
66.3830	0.9975
66.4214	0.9984
66.4597	0.9995
66.4981	1.0005
66.5364	1.0013
66.5748	1.0017
66.6131	1.0018
66.6515	1.0017
66.6898	1.0013
66.7282	1.0008
66.7665	1.0003
66.8049	0.9999
66.8432	0.9996
66.8816	0.9994
66.9199	0.9994
66.9583	0.9994
66.9966	0.9994
67.0350	0.9993
67.0733	0.9992
67.1117	0.9990
67.1500	0.9988
67.1884	0.9987
67.2267	0.9987
67.2651	0.9990
67.3034	0.9995
67.3418	1.0002
67.3801	1.0012
67.4185	1.0023
67.4568	1.0032
67.4952	1.0040
67.5335	1.0043
67.5719	1.0041
67.6102	1.0033
67.6486	1.0020
67.6869	1.0002
67.7253	0.9983
67.7636	0.9963
67.8020	0.9947
67.8403	0.9936
67.8786	0.9932
67.9170	0.9937
67.9553	0.9950
67.9937	0.9970
68.0320	0.9993
68.0704	1.0019
68.1087	1.0042
68.1471	1.0060
68.1854	1.0071
68.2238	1.0073
68.2621	1.0067
68.3005	1.0052
68.3388	1.0032
68.3772	1.0010
68.4155	0.9988
68.4539	0.9969
68.4922	0.9957
68.5306	0.9952
68.5689	0.9955
68.6073	0.9964
68.6456	0.9977
68.6840	0.9993
68.7223	1.0007
68.7607	1.0018
68.7990	1.0024
68.8374	1.0023
68.8757	1.0016
68.9141	1.0004
68.9524	0.9990
68.9908	0.9976
69.0291	0.9964
69.0675	0.9958
69.1058	0.9958
69.1442	0.9964
69.1825	0.9977
69.2209	0.9994
69.2592	1.0013
69.2976	1.0030
69.3359	1.0044
69.3743	1.0053
69.4126	1.0054
69.4510	1.0048
69.4893	1.0036
69.5277	1.0019
69.5660	1.0000
69.6044	0.9981
69.6427	0.9966
69.6811	0.9957
69.7194	0.9954
69.7578	0.9957
69.7961	0.9966
69.8345	0.9980
69.8728	0.9996
69.9112	1.0011
69.9495	1.0024
69.9879	1.0032
70.0262	1.0036
70.0646	1.0034
70.1029	1.0029
70.1413	1.0020
70.1796	1.0009
70.2180	0.9999
70.2563	0.9991
70.2947	0.9986
70.3330	0.9985
70.3714	0.9986
70.4097	0.9990
70.4481	0.9995
70.4864	1.0001
70.5248	1.0005
70.5631	1.0007
70.6015	1.0007
70.6398	1.0005
70.6782	1.0001
70.7165	0.9997
70.7549	0.9994
70.7932	0.9992
70.8316	0.9992
70.8699	0.9994
70.9083	0.9998
70.9466	1.0002
70.9850	1.0006
71.0233	1.0009
71.0617	1.0009
71.1000	1.0007
71.1384	1.0002
71.1767	0.9995
71.2151	0.9987
71.2534	0.9979
71.2918	0.9973
71.3301	0.9971
71.3685	0.9972
71.4068	0.9978
71.4452	0.9988
71.4835	1.0000
71.5219	1.0014
71.5602	1.0026
71.5986	1.0036
71.6369	1.0041
71.6753	1.0041
71.7136	1.0035
71.7520	1.0024
71.7903	1.0009
71.8287	0.9993
71.8670	0.9978
71.9053	0.9966
71.9437	0.9958
71.9820	0.9956
72.0204	0.9961
72.0587	0.9971
72.0971	0.9984
72.1354	1.0000
72.1738	1.0016
72.2121	1.0029
72.2505	1.0038
72.2888	1.0042
72.3272	1.0040
72.3655	1.0033
72.4039	1.0022
72.4422	1.0010
72.4806	0.9997
72.5189	0.9986
72.5573	0.9978
72.5956	0.9974
72.6340	0.9974
72.6723	0.9977
72.7107	0.9983
72.7490	0.9990
72.7874	0.9996
72.8257	1.0002
72.8641	1.0005
72.9024	1.0005
72.9408	1.0004
72.9791	1.0002
73.0175	0.9999
73.0558	0.9997
73.0942	0.9997
73.1325	0.9999
73.1709	1.0003
73.2092	1.0008
73.2476	1.0014
73.2859	1.0019
73.3243	1.0022
73.3626	1.0021
73.4010	1.0018
73.4393	1.0011
73.4777	1.0002
73.5160	0.9991
73.5544	0.9981
73.5927	0.9973
73.6311	0.9969
73.6694	0.9969
73.7078	0.9974
73.7461	0.9982
73.7845	0.9994
73.8228	1.0007
73.8612	1.0019
73.8995	1.0029
73.9379	1.0034
73.9762	1.0034
74.0146	1.0029
74.0529	1.0019
74.0913	1.0006
74.1296	0.9992
74.1680	0.9979
74.2063	0.9969
74.2447	0.9964
74.2830	0.9965
74.3214	0.9971
74.3597	0.9981
74.3981	0.9994
74.4364	1.0007
74.4748	1.0019
74.5131	1.0027
74.5515	1.0030
74.5898	1.0027
74.6282	1.0019
74.6665	1.0008
74.7049	0.9996
74.7432	0.9984
74.7816	0.9975
74.8199	0.9971
74.8583	0.9972
74.8966	0.9979
74.9350	0.9991
74.9733	1.0005
75.0117	1.0020
75.0500	1.0032
75.0884	1.0039
75.1267	1.0040
75.1651	1.0034
75.2034	1.0022
75.2418	1.0005
75.2801	0.9986
75.3185	0.9967
75.3568	0.9952
75.3952	0.9943
75.4335	0.9942
75.4719	0.9950
75.5102	0.9965
75.5486	0.9986
75.5869	1.0011
75.6253	1.0035
75.6636	1.0055
75.7020	1.0068
75.7403	1.0073
75.7787	1.0069
75.8170	1.0055
75.8553	1.0035
75.8937	1.0010
75.9320	0.9984
75.9704	0.9961
76.0087	0.9944
76.0471	0.9934
76.0854	0.9933
76.1238	0.9941
76.1621	0.9956
76.2005	0.9976
76.2388	0.9998
76.2772	1.0019
76.3155	1.0036
76.3539	1.0047
76.3922	1.0051
76.4306	1.0048
76.4689	1.0039
76.5073	1.0026
76.5456	1.0010
76.5840	0.9995
76.6223	0.9982
76.6607	0.9974
76.6990	0.9971
76.7374	0.9972
76.7757	0.9978
76.8141	0.9987
76.8524	0.9996
76.8908	1.0005
76.9291	1.0012
76.9675	1.0015
77.0058	1.0014
77.0442	1.0010
77.0825	1.0003
77.1209	0.9994
77.1592	0.9985
77.1976	0.9978
77.2359	0.9974
77.2743	0.9974
77.3126	0.9977
77.3510	0.9984
77.3893	0.9994
77.4277	1.0005
77.4660	1.0017
77.5044	1.0028
77.5427	1.0036
77.5811	1.0042
77.6194	1.0044
77.6578	1.0042
77.6961	1.0035
77.7345	1.0026
77.7728	1.0013
77.8112	0.9999
77.8495	0.9985
77.8879	0.9970
77.9262	0.9958
77.9646	0.9948
78.0029	0.9942
78.0413	0.9941
78.0796	0.9945
78.1180	0.9954
78.1563	0.9967
78.1947	0.9985
78.2330	1.0005
78.2714	1.0026
78.3097	1.0046
78.3481	1.0062
78.3864	1.0073
78.4248	1.0076
78.4631	1.0072
78.5015	1.0059
78.5398	1.0039
78.5782	1.0013
78.6165	0.9985
78.6549	0.9957
78.6932	0.9932
78.7316	0.9915
78.7699	0.9906
78.8083	0.9908
78.8466	0.9921
78.8850	0.9943
78.9233	0.9972
78.9617	1.0006
79.0000	1.0038
79.0384	1.0067
79.0767	1.0088
79.1151	1.0098
79.1534	1.0097
79.1918	1.0084
79.2301	1.0062
79.2685	1.0034
79.3068	1.0003
79.3452	0.9973
79.3835	0.9948
79.4219	0.9932
79.4602	0.9926
79.4986	0.9930
79.5369	0.9944
79.5753	0.9964
79.6136	0.9988
79.6520	1.0012
79.6903	1.0032
79.7287	1.0045
79.7670	1.0049
79.8054	1.0045
79.8437	1.0032
79.8820	1.0014
79.9204	0.9993
79.9587	0.9972
79.9971	0.9956
80.0354	0.9946
80.0738	0.9945
80.1121	0.9952
80.1505	0.9967
80.1888	0.9986
80.2272	1.0009
80.2655	1.0030
80.3039	1.0048
80.3422	1.0060
80.3806	1.0064
80.4189	1.0060
80.4573	1.0049
80.4956	1.0033
80.5340	1.0014
80.5723	0.9994
80.6107	0.9978
80.6490	0.9966
80.6874	0.9960
80.7257	0.9959
80.7641	0.9964
80.8024	0.9973
80.8408	0.9983
80.8791	0.9994
80.9175	1.0002
80.9558	1.0008
80.9942	1.0010
81.0325	1.0009
81.0709	1.0006
81.1092	1.0001
81.1476	0.9996
81.1859	0.9993
81.2243	0.9993
81.2626	0.9995
81.3010	0.9999
81.3393	1.0006
81.3777	1.0012
81.4160	1.0017
81.4544	1.0021
81.4927	1.0021
81.5311	1.0017
81.5694	1.0011
81.6078	1.0002
81.6461	0.9994
81.6845	0.9986
81.7228	0.9980
81.7612	0.9978
81.7995	0.9980
81.8379	0.9986
81.8762	0.9995
81.9146	1.0005
81.9529	1.0015
81.9913	1.0022
82.0296	1.0025
82.0680	1.0023
82.1063	1.0017
82.1447	1.0006
82.1830	0.9993
82.2214	0.9980
82.2597	0.9968
82.2981	0.9960
82.3364	0.9958
82.3748	0.9963
82.4131	0.9973
82.4515	0.9989
82.4898	1.0007
82.5282	1.0025
82.5665	1.0041
82.6049	1.0052
82.6432	1.0055
82.6816	1.0051
82.7199	1.0039
82.7583	1.0022
82.7966	1.0001
82.8350	0.9979
82.8733	0.9959
82.9117	0.9945
82.9500	0.9938
82.9884	0.9940
83.0267	0.9949
83.0651	0.9965
83.1034	0.9985
83.1418	1.0007
83.1801	1.0027
83.2185	1.0043
83.2568	1.0052
83.2952	1.0054
83.3335	1.0048
83.3719	1.0036
83.4102	1.0020
83.4486	1.0003
83.4869	0.9986
83.5253	0.9974
83.5636	0.9967
83.6020	0.9966
83.6403	0.9970
83.6787	0.9979
83.7170	0.9991
83.7554	1.0003
83.7937	1.0014
83.8321	1.0021
83.8704	1.0023
83.9087	1.0020
83.9471	1.0013
83.9854	1.0004
84.0238	0.9994
84.0621	0.9985
84.1005	0.9979
84.1388	0.9977
84.1772	0.9980
84.2155	0.9987
84.2539	0.9998
84.2922	1.0010
84.3306	1.0021
84.3689	1.0029
84.4073	1.0032
84.4456	1.0031
84.4840	1.0023
84.5223	1.0011
84.5607	0.9997
84.5990	0.9982
84.6374	0.9968
84.6757	0.9959
84.7141	0.9956
84.7524	0.9959
84.7908	0.9968
84.8291	0.9982
84.8675	1.0000
84.9058	1.0018
84.9442	1.0034
84.9825	1.0046
85.0209	1.0051
85.0592	1.0050
85.0976	1.0041
85.1359	1.0027
85.1743	1.0009
85.2126	0.9990
85.2510	0.9973
85.2893	0.9960
85.3277	0.9952
85.3660	0.9952
85.4044	0.9958
85.4427	0.9970
85.4811	0.9986
85.5194	1.0003
85.5578	1.0020
85.5961	1.0033
85.6345	1.0041
85.6728	1.0043
85.7112	1.0039
85.7495	1.0030
85.7879	1.0017
85.8262	1.0002
85.8646	0.9987
85.9029	0.9975
85.9413	0.9967
85.9796	0.9963
86.0180	0.9965
86.0563	0.9971
86.0947	0.9981
86.1330	0.9993
86.1714	1.0004
86.2097	1.0014
86.2481	1.0022
86.2864	1.0026
86.3248	1.0026
86.3631	1.0022
86.4015	1.0016
86.4398	1.0009
86.4782	1.0001
86.5165	0.9995
86.5549	0.9990
86.5932	0.9987
86.6316	0.9987
86.6699	0.9989
86.7083	0.9992
86.7466	0.9997
86.7850	1.0001
86.8233	1.0005
86.8617	1.0007
86.9000	1.0008
86.9384	1.0007
86.9767	1.0005
87.0151	1.0002
87.0534	0.9999
87.0918	0.9996
87.1301	0.9993
87.1685	0.9991
87.2068	0.9990
87.2452	0.9990
87.2835	0.9991
87.3219	0.9993
87.3602	0.9995
87.3986	0.9997
87.4369	0.9999
87.4753	1.0002
87.5136	1.0003
87.5520	1.0005
87.5903	1.0006
87.6287	1.0007
87.6670	1.0008
87.7054	1.0008
87.7437	1.0007
87.7821	1.0005
87.8204	1.0003
87.8587	1.0001
87.8971	0.9998
87.9354	0.9995
87.9738	0.9992
88.0121	0.9990
88.0505	0.9990
88.0888	0.9990
88.1272	0.9992
88.1655	0.9996
88.2039	1.0000
88.2422	1.0005
88.2806	1.0009
88.3189	1.0013
88.3573	1.0016
88.3956	1.0016
88.4340	1.0014
88.4723	1.0010
88.5107	1.0005
88.5490	0.9998
88.5874	0.9992
88.6257	0.9986
88.6641	0.9982
88.7024	0.9980
88.7408	0.9982
88.7791	0.9985
88.8175	0.9991
88.8558	0.9999
88.8942	1.0007
88.9325	1.0014
88.9709	1.0020
89.0092	1.0024
89.0476	1.0024
89.0859	1.0022
89.1243	1.0016
89.1626	1.0009
89.2010	1.0000
89.2393	0.9991
89.2777	0.9983
89.3160	0.9976
89.3544	0.9973
89.3927	0.9972
89.4311	0.9975
89.4694	0.9980
89.5078	0.9987
89.5461	0.9995
89.5845	1.0004
89.6228	1.0011
89.6612	1.0018
89.6995	1.0022
89.7379	1.0023
89.7762	1.0023
89.8146	1.0020
89.8529	1.0016
89.8913	1.0011
89.9296	1.0005
89.9680	0.9999
90.0063	0.9994
90.0447	0.9989
90.0830	0.9986
90.1214	0.9984
90.1597	0.9983
90.1981	0.9983
90.2364	0.9985
90.2748	0.9988
90.3131	0.9992
90.3515	0.9997
90.3898	1.0002
90.4282	1.0008
90.4665	1.0013
90.5049	1.0017
90.5432	1.0020
90.5816	1.0021
90.6199	1.0019
90.6583	1.0016
90.6966	1.0010
90.7350	1.0003
90.7733	0.9995
90.8117	0.9987
90.8500	0.9980
90.8884	0.9975
90.9267	0.9973
90.9651	0.9974
91.0034	0.9978
91.0418	0.9985
91.0801	0.9994
91.1185	1.0004
91.1568	1.0014
91.1952	1.0022
91.2335	1.0027
91.2719	1.0029
91.3102	1.0027
91.3486	1.0021
91.3869	1.0013
91.4253	1.0003
91.4636	0.9993
91.5020	0.9984
91.5403	0.9977
91.5787	0.9974
91.6170	0.9974
91.6554	0.9979
91.6937	0.9987
91.7321	0.9996
91.7704	1.0006
91.8088	1.0015
91.8471	1.0022
91.8854	1.0025
91.9238	1.0024
91.9621	1.0020
92.0005	1.0012
92.0388	1.0002
92.0772	0.9991
92.1155	0.9982
92.1539	0.9974
92.1922	0.9970
92.2306	0.9970
92.2689	0.9974
92.3073	0.9982
92.3456	0.9992
92.3840	1.0003
92.4223	1.0013
92.4607	1.0022
92.4990	1.0027
92.5374	1.0028
92.5757	1.0026
92.6141	1.0020
92.6524	1.0011
92.6908	1.0002
92.7291	0.9993
92.7675	0.9986
92.8058	0.9981
92.8442	0.9979
92.8825	0.9981
92.9209	0.9985
92.9592	0.9992
92.9976	0.9999
93.0359	1.0006
93.0743	1.0012
93.1126	1.0015
93.1510	1.0017
93.1893	1.0015
93.2277	1.0012
93.2660	1.0007
93.3044	1.0002
93.3427	0.9998
93.3811	0.9995
93.4194	0.9994
93.4578	0.9994
93.4961	0.9996
93.5345	1.0000
93.5728	1.0003
93.6112	1.0006
93.6495	1.0008
93.6879	1.0008
93.7262	1.0006
93.7646	1.0002
93.8029	0.9998
93.8413	0.9993
93.8796	0.9988
93.9180	0.9986
93.9563	0.9985
93.9947	0.9986
94.0330	0.9990
94.0714	0.9996
94.1097	1.0002
94.1481	1.0009
94.1864	1.0014
94.2248	1.0016
94.2631	1.0016
94.3015	1.0013
94.3398	1.0007
94.3782	0.9999
94.4165	0.9990
94.4549	0.9982
94.4932	0.9976
94.5316	0.9972
94.5699	0.9972
94.6083	0.9976
94.6466	0.9984
94.6850	0.9994
94.7233	1.0005
94.7617	1.0016
94.8000	1.0025
94.8384	1.0032
94.8767	1.0034
94.9151	1.0032
94.9534	1.0026
94.9918	1.0017
95.0301	1.0006
95.0685	0.9995
95.1068	0.9985
95.1452	0.9977
95.1835	0.9973
95.2219	0.9973
95.2602	0.9977
95.2986	0.9984
95.3369	0.9993
95.3753	1.0003
95.4136	1.0012
95.4520	1.0019
95.4903	1.0023
95.5287	1.0024
95.5670	1.0021
95.6054	1.0016
95.6437	1.0008
95.6821	1.0000
95.7204	0.9992
95.7588	0.9986
95.7971	0.9982
95.8354	0.9981
95.8738	0.9982
95.9121	0.9986
95.9505	0.9991
95.9888	0.9996
96.0272	1.0001
96.0655	1.0005
96.1039	1.0007
96.1422	1.0007
96.1806	1.0006
96.2189	1.0004
96.2573	1.0001
96.2956	0.9999
96.3340	0.9997
96.3723	0.9997
96.4107	0.9999
96.4490	1.0002
96.4874	1.0005
96.5257	1.0009
96.5641	1.0012
96.6024	1.0014
96.6408	1.0013
96.6791	1.0011
96.7175	1.0006
96.7558	1.0000
96.7942	0.9993
96.8325	0.9986
96.8709	0.9981
96.9092	0.9978
96.9476	0.9978
96.9859	0.9981
97.0243	0.9986
97.0626	0.9993
97.1010	1.0002
97.1393	1.0009
97.1777	1.0016
97.2160	1.0020
97.2544	1.0021
97.2927	1.0019
97.3311	1.0013
97.3694	1.0006
97.4078	0.9998
97.4461	0.9990
97.4845	0.9983
97.5228	0.9979
97.5612	0.9978
97.5995	0.9980
97.6379	0.9986
97.6762	0.9993
97.7146	1.0002
97.7529	1.0011
97.7913	1.0018
97.8296	1.0023
97.8680	1.0024
97.9063	1.0022
97.9447	1.0017
97.9830	1.0009
98.0214	1.0000
98.0597	0.9990
98.0981	0.9983
98.1364	0.9977
98.1748	0.9975
98.2131	0.9977
98.2515	0.9982
98.2898	0.9989
98.3282	0.9999
98.3665	1.0008
98.4049	1.0016
98.4432	1.0023
98.4816	1.0026
98.5199	1.0026
98.5583	1.0022
98.5966	1.0016
98.6350	1.0009
98.6733	1.0000
98.7117	0.9992
98.7500	0.9986
98.7884	0.9982
98.8267	0.9981
98.8651	0.9983
98.9034	0.9987
98.9418	0.9992
98.9801	0.9999
99.0185	1.0004
99.0568	1.0009
99.0952	1.0012
99.1335	1.0013
99.1719	1.0011
99.2102	1.0008
99.2486	1.0003
99.2869	0.9998
99.3253	0.9993
99.3636	0.9989
99.4020	0.9987
99.4403	0.9986
99.4787	0.9987
99.5170	0.9990
99.5554	0.9993
99.5937	0.9998
99.6321	1.0002
99.6704	1.0006
99.7088	1.0009
99.7471	1.0011
99.7855	1.0011
99.8238	1.0011
99.8621	1.0010
99.9005	1.0008
99.9388	1.0006
99.9772	1.0004
100.0155	1.0002
100.0539	1.0000
100.0922	0.9999
100.1306	0.9997
100.1689	0.9995
100.2073	0.9993
100.2456	0.9991
100.2840	0.9990
100.3223	0.9988
100.3607	0.9988
100.3990	0.9988
100.4374	0.9989
100.4757	0.9992
100.5141	0.9995
100.5524	1.0000
100.5908	1.0005
100.6291	1.0010
100.6675	1.0014
100.7058	1.0017
100.7442	1.0019
100.7825	1.0018
100.8209	1.0016
100.8592	1.0011
100.8976	1.0006
100.9359	1.0000
100.9743	0.9994
101.0126	0.9989
101.0510	0.9985
101.0893	0.9983
101.1277	0.9983
101.1660	0.9985
101.2044	0.9989
101.2427	0.9993
101.2811	0.9998
101.3194	1.0003
101.3578	1.0006
101.3961	1.0009
101.4345	1.0010
101.4728	1.0010
101.5112	1.0009
101.5495	1.0007
101.5879	1.0004
101.6262	1.0002
101.6646	1.0000
101.7029	0.9999
101.7413	0.9998
101.7796	0.9998
101.8180	0.9998
101.8563	0.9998
101.8947	0.9998
101.9330	0.9997
101.9714	0.9995
102.0097	0.9993
102.0481	0.9990
102.0864	0.9989
102.1248	0.9987
102.1631	0.9988
102.2015	0.9990
102.2398	0.9994
102.2782	0.9999
102.3165	1.0005
102.3549	1.0012
102.3932	1.0019
102.4316	1.0024
102.4699	1.0027
102.5083	1.0027
102.5466	1.0024
102.5850	1.0018
102.6233	1.0010
102.6617	1.0000
102.7000	0.9990
102.7384	0.9981
102.7767	0.9974
102.8151	0.9970
102.8534	0.9970
102.8918	0.9973
102.9301	0.9980
102.9685	0.9990
103.0068	1.0001
103.0452	1.0012
103.0835	1.0021
103.1219	1.0028
103.1602	1.0031
103.1986	1.0030
103.2369	1.0025
103.2753	1.0018
103.3136	1.0007
103.3520	0.9996
103.3903	0.9985
103.4287	0.9976
103.4670	0.9970
103.5054	0.9967
103.5437	0.9968
103.5821	0.9972
103.6204	0.9980
103.6588	0.9989
103.6971	0.9999
103.7355	1.0009
103.7738	1.0017
103.8121	1.0023
103.8505	1.0026
103.8888	1.0025
103.9272	1.0023
103.9655	1.0018
104.0039	1.0011
104.0422	1.0004
104.0806	0.9997
104.1189	0.9992
104.1573	0.9987
104.1956	0.9985
104.2340	0.9984
104.2723	0.9985
104.3107	0.9987
104.3490	0.9990
104.3874	0.9994
104.4257	0.9998
104.4641	1.0001
104.5024	1.0005
104.5408	1.0008
104.5791	1.0010
104.6175	1.0012
104.6558	1.0013
104.6942	1.0014
104.7325	1.0014
104.7709	1.0013
104.8092	1.0011
104.8476	1.0008
104.8859	1.0004
104.9243	1.0000
104.9626	0.9995
105.0010	0.9991
105.0393	0.9986
105.0777	0.9983
105.1160	0.9981
105.1544	0.9980
105.1927	0.9982
105.2311	0.9985
105.2694	0.9990
105.3078	0.9996
105.3461	1.0002
105.3845	1.0008
105.4228	1.0012
105.4612	1.0015
105.4995	1.0016
105.5379	1.0014
105.5762	1.0011
105.6146	1.0006
105.6529	1.0000
105.6913	0.9993
105.7296	0.9988
105.7680	0.9985
105.8063	0.9984
105.8447	0.9985
105.8830	0.9989
105.9214	0.9996
105.9597	1.0003
105.9981	1.0011
106.0364	1.0019
106.0748	1.0025
106.1131	1.0028
106.1515	1.0028
106.1898	1.0025
106.2282	1.0018
106.2665	1.0009
106.3049	0.9999
106.3432	0.9988
106.3816	0.9978
106.4199	0.9970
106.4583	0.9965
106.4966	0.9964
106.5350	0.9966
106.5733	0.9972
106.6117	0.9981
106.6500	0.9992
106.6884	1.0003
106.7267	1.0014
106.7651	1.0024
106.8034	1.0031
106.8418	1.0034
106.8801	1.0034
106.9185	1.0031
106.9568	1.0025
106.9952	1.0016
107.0335	1.0007
107.0719	0.9998
107.1102	0.9989
107.1486	0.9983
107.1869	0.9978
107.2253	0.9977
107.2636	0.9978
107.3020	0.9980
107.3403	0.9985
107.3787	0.9990
107.4170	0.9996
107.4554	1.0000
107.4937	1.0004
107.5321	1.0007
107.5704	1.0008
107.6088	1.0007
107.6471	1.0006
107.6855	1.0005
107.7238	1.0003
107.7622	1.0002
107.8005	1.0002
107.8388	1.0002
107.8772	1.0002
107.9155	1.0004
107.9539	1.0005
107.9922	1.0005
108.0306	1.0005
108.0689	1.0004
108.1073	1.0002
108.1456	0.9999
108.1840	0.9996
108.2223	0.9992
108.2607	0.9989
108.2990	0.9987
108.3374	0.9986
108.3757	0.9987
108.4141	0.9990
108.4524	0.9995
108.4908	1.0001
108.5291	1.0007
108.5675	1.0012
108.6058	1.0017
108.6442	1.0019
108.6825	1.0019
108.7209	1.0016
108.7592	1.0011
108.7976	1.0004
108.8359	0.9996
108.8743	0.9989
108.9126	0.9982
108.9510	0.9977
108.9893	0.9975
109.0277	0.9977
109.0660	0.9981
109.1044	0.9989
109.1427	0.9998
109.1811	1.0007
109.2194	1.0016
109.2578	1.0023
109.2961	1.0027
109.3345	1.0028
109.3728	1.0025
109.4112	1.0018
109.4495	1.0009
109.4879	0.9999
109.5262	0.9988
109.5646	0.9980
109.6029	0.9974
109.6413	0.9971
109.6796	0.9972
109.7180	0.9978
109.7563	0.9986
109.7947	0.9996
109.8330	1.0007
109.8714	1.0017
109.9097	1.0024
109.9481	1.0029
109.9864	1.0029
110.0248	1.0026
110.0631	1.0019
110.1015	1.0010
110.1398	0.9999
110.1782	0.9989
110.2165	0.9981
110.2549	0.9976
110.2932	0.9974
110.3316	0.9975
110.3699	0.9980
110.4083	0.9988
110.4466	0.9997
110.4850	1.0006
110.5233	1.0014
110.5617	1.0019
110.6000	1.0022
110.6384	1.0021
110.6767	1.0018
110.7151	1.0012
110.7534	1.0005
110.7918	0.9997
110.8301	0.9991
110.8685	0.9986
110.9068	0.9984
110.9452	0.9984
110.9835	0.9987
111.0219	0.9991
111.0602	0.9997
111.0986	1.0002
111.1369	1.0007
111.1753	1.0010
111.2136	1.0011
111.2520	1.0010
111.2903	1.0007
111.3287	1.0002
111.3670	0.9997
111.4054	0.9993
111.4437	0.9990
111.4821	0.9988
111.5204	0.9989
111.5588	0.9991
111.5971	0.9995
111.6355	1.0001
111.6738	1.0006
111.7122	1.0011
111.7505	1.0014
111.7888	1.0016
111.8272	1.0015
111.8655	1.0013
111.9039	1.0008
111.9422	1.0003
111.9806	0.9998
112.0189	0.9993
112.0573	0.9990
112.0956	0.9988
112.1340	0.9988
112.1723	0.9990
112.2107	0.9993
112.2490	0.9997
112.2874	1.0001
112.3257	1.0004
112.3641	1.0005
112.4024	1.0005
112.4408	1.0004
112.4791	1.0001
112.5175	0.9997
112.5558	0.9993
112.5942	0.9990
112.6325	0.9988
112.6709	0.9987
112.7092	0.9989
112.7476	0.9993
112.7859	0.9998
112.8243	1.0004
112.8626	1.0010
112.9010	1.0016
112.9393	1.0020
112.9777	1.0021
113.0160	1.0021
113.0544	1.0018
113.0927	1.0012
113.1311	1.0006
113.1694	0.9999
113.2078	0.9992
113.2461	0.9987
113.2845	0.9983
113.3228	0.9982
113.3612	0.9983
113.3995	0.9986
113.4379	0.9991
113.4762	0.9996
113.5146	1.0002
113.5529	1.0007
113.5913	1.0011
113.6296	1.0013
113.6680	1.0012
113.7063	1.0010
113.7447	1.0007
113.7830	1.0002
113.8214	0.9997
113.8597	0.9992
113.8981	0.9989
113.9364	0.9986
113.9748	0.9986
114.0131	0.9988
114.0515	0.9991
114.0898	0.9996
114.1282	1.0001
114.1665	1.0006
114.2049	1.0011
114.2432	1.0015
114.2816	1.0016
114.3199	1.0017
114.3583	1.0015
114.3966	1.0012
114.4350	1.0007
114.4733	1.0002
114.5117	0.9997
114.5500	0.9992
114.5884	0.9989
114.6267	0.9986
114.6651	0.9985
114.7034	0.9986
114.7418	0.9988
114.7801	0.9991
114.8185	0.9995
114.8568	0.9999
114.8952	1.0003
114.9335	1.0007
114.9719	1.0009
115.0102	1.0010
115.0486	1.0010
115.0869	1.0008
115.1253	1.0006
115.1636	1.0002
115.2020	0.9999
115.2403	0.9996
115.2787	0.9993
115.3170	0.9991
115.3554	0.9990
115.3937	0.9991
115.4321	0.9993
115.4704	0.9995
115.5088	0.9998
115.5471	1.0002
115.5855	1.0005
115.6238	1.0008
115.6622	1.0010
115.7005	1.0011
115.7389	1.0010
115.7772	1.0009
115.8155	1.0007
115.8539	1.0004
115.8922	1.0001
115.9306	0.9998
115.9689	0.9995
116.0073	0.9993
116.0456	0.9992
116.0840	0.9992
116.1223	0.9993
116.1607	0.9994
116.1990	0.9996
116.2374	0.9998
116.2757	1.0000
116.3141	1.0002
116.3524	1.0003
116.3908	1.0003
116.4291	1.0003
116.4675	1.0003
116.5058	1.0002
116.5442	1.0002
116.5825	1.0001
116.6209	1.0001
116.6592	1.0000
116.6976	1.0000
116.7359	1.0000
116.7743	1.0000
116.8126	1.0000
116.8510	1.0000
116.8893	1.0000
116.9277	0.9999
116.9660	0.9999
117.0044	0.9998
117.0427	0.9998
117.0811	0.9999
117.1194	0.9999
117.1578	1.0000
117.1961	1.0001
117.2345	1.0003
117.2728	1.0004
117.3112	1.0004
117.3495	1.0004
117.3879	1.0004
117.4262	1.0003
117.4646	1.0001
117.5029	0.9999
117.5413	0.9996
117.5796	0.9994
117.6180	0.9992
117.6563	0.9992
117.6947	0.9992
117.7330	0.9994
117.7714	0.9996
117.8097	0.9999
117.8481	1.0003
117.8864	1.0006
117.9248	1.0009
117.9631	1.0011
118.0015	1.0011
118.0398	1.0009
118.0782	1.0006
118.1165	1.0002
118.1549	0.9998
118.1932	0.9993
118.2316	0.9989
118.2699	0.9986
118.3083	0.9985
118.3466	0.9985
118.3850	0.9988
118.4233	0.9993
118.4617	0.9998
118.5000	1.0004
118.5384	1.0010
118.5767	1.0015
118.6151	1.0018
118.6534	1.0019
118.6918	1.0018
118.7301	1.0015
118.7685	1.0010
118.8068	1.0003
118.8452	0.9997
118.8835	0.9991
118.9219	0.9986
118.9602	0.9982
118.9986	0.9981
119.0369	0.9982
119.0753	0.9985
119.1136	0.9990
119.1520	0.9995
119.1903	1.0002
119.2287	1.0008
119.2670	1.0013
119.3054	1.0016
119.3437	1.0018
119.3821	1.0017
119.4204	1.0015
119.4588	1.0012
119.4971	1.0007
119.5355	1.0002
119.5738	0.9997
119.6122	0.9992
119.6505	0.9988
119.6889	0.9986
119.7272	0.9985
119.7656	0.9985
119.8039	0.9987
119.8422	0.9990
119.8806	0.9993
119.9189	0.9997
119.9573	1.0001
119.9956	1.0005
120.0340	1.0008
120.0723	1.0011
120.1107	1.0012
120.1490	1.0012
120.1874	1.0012
120.2257	1.0010
120.2641	1.0007
120.3024	1.0004
120.3408	1.0000
120.3791	0.9996
120.4175	0.9993
120.4558	0.9991
120.4942	0.9990
120.5325	0.9990
120.5709	0.9991
120.6092	0.9993
120.6476	0.9995
120.6859	0.9999
120.7243	1.0002
120.7626	1.0005
120.8010	1.0008
120.8393	1.0009
120.8777	1.0009
120.9160	1.0008
120.9544	1.0006
120.9927	1.0003
121.0311	0.9999
121.0694	0.9996
121.1078	0.9993
121.1461	0.9991
121.1845	0.9989
121.2228	0.9990
121.2612	0.9991
121.2995	0.9994
121.3379	0.9997
121.3762	1.0001
121.4146	1.0005
121.4529	1.0008
121.4913	1.0010
121.5296	1.0011
121.5680	1.0011
121.6063	1.0009
121.6447	1.0007
121.6830	1.0004
121.7214	1.0001
121.7597	0.9998
121.7981	0.9996
121.8364	0.9994
121.8748	0.9993
121.9131	0.9993
121.9515	0.9993
121.9898	0.9994
122.0282	0.9995
122.0665	0.9997
122.1049	0.9998
122.1432	1.0000
122.1816	1.0001
122.2199	1.0002
122.2583	1.0002
122.2966	1.0003
122.3350	1.0003
122.3733	1.0004
122.4117	1.0004
122.4500	1.0004
122.4884	1.0004
122.5267	1.0004
122.5651	1.0004
122.6034	1.0003
122.6418	1.0001
122.6801	0.9999
122.7185	0.9997
122.7568	0.9995
122.7952	0.9994
122.8335	0.9992
122.8719	0.9992
122.9102	0.9992
122.9486	0.9994
122.9869	0.9996
123.0253	0.9998
123.0636	1.0001
123.1020	1.0004
123.1403	1.0007
123.1787	1.0008
123.2170	1.0009
123.2554	1.0009
123.2937	1.0007
123.3321	1.0005
123.3704	1.0002
123.4088	0.9999
123.4471	0.9996
123.4855	0.9994
123.5238	0.9992
123.5622	0.9992
123.6005	0.9993
123.6389	0.9995
123.6772	0.9997
123.7156	1.0000
123.7539	1.0002
123.7922	1.0004
123.8306	1.0006
123.8689	1.0006
123.9073	1.0005
123.9456	1.0004
123.9840	1.0002
124.0223	0.9999
124.0607	0.9997
124.0990	0.9996
124.1374	0.9995
124.1757	0.9995
124.2141	0.9995
124.2524	0.9997
124.2908	0.9999
124.3291	1.0001
124.3675	1.0003
124.4058	1.0005
124.4442	1.0006
124.4825	1.0006
124.5209	1.0006
124.5592	1.0004
124.5976	1.0002
124.6359	1.0000
124.6743	0.9998
124.7126	0.9997
124.7510	0.9995
124.7893	0.9995
124.8277	0.9995
124.8660	0.9996
124.9044	0.9998
124.9427	1.0000
124.9811	1.0002
125.0194	1.0003
125.0578	1.0004
125.0961	1.0005
125.1345	1.0005
125.1728	1.0004
125.2112	1.0003
125.2495	1.0001
125.2879	1.0000
125.3262	0.9998
125.3646	0.9996
125.4029	0.9995
125.4413	0.9994
125.4796	0.9994
125.5180	0.9995
125.5563	0.9996
125.5947	0.9997
125.6330	0.9999
125.6714	1.0001
125.7097	1.0002
125.7481	1.0004
125.7864	1.0005
125.8248	1.0005
125.8631	1.0005
125.9015	1.0005
125.9398	1.0004
125.9782	1.0003
126.0165	1.0001
126.0549	1.0000
126.0932	0.9998
126.1316	0.9997
126.1699	0.9996
126.2083	0.9996
126.2466	0.9996
126.2850	0.9997
126.3233	0.9998
126.3617	0.9999
126.4000	1.0001
126.4384	1.0002
126.4767	1.0003
126.5151	1.0004
126.5534	1.0004
126.5918	1.0003
126.6301	1.0002
126.6685	1.0001
126.7068	1.0000
126.7452	0.9998
126.7835	0.9997
126.8219	0.9996
126.8602	0.9995
126.8986	0.9996
126.9369	0.9996
126.9753	0.9998
127.0136	0.9999
127.0520	1.0001
127.0903	1.0002
127.1287	1.0003
127.1670	1.0004
127.2054	1.0004
127.2437	1.0003
127.2821	1.0002
127.3204	1.0000
127.3588	0.9998
127.3971	0.9997
127.4355	0.9996
127.4738	0.9996
127.5122	0.9996
127.5505	0.9997
127.5889	0.9999
127.6272	1.0001
127.6656	1.0003
127.7039	1.0005
127.7423	1.0006
127.7806	1.0006
127.8189	1.0006
127.8573	1.0004
127.8956	1.0002
127.9340	1.0000
127.9723	0.9998
128.0107	0.9996
128.0490	0.9994
128.0874	0.9993
128.1257	0.9993
128.1641	0.9994
128.2024	0.9995
128.2408	0.9997
128.2791	1.0000
128.3175	1.0002
128.3558	1.0004
128.3942	1.0006
128.4325	1.0006
128.4709	1.0006
128.5092	1.0006
128.5476	1.0004
128.5859	1.0003
128.6243	1.0001
128.6626	1.0000
128.7010	0.9998
128.7393	0.9997
128.7777	0.9997
128.8160	0.9996
128.8544	0.9997
128.8927	0.9997
128.9311	0.9997
128.9694	0.9998
129.0078	0.9998
129.0461	0.9998
129.0845	0.9999
129.1228	0.9999
129.1612	1.0000
129.1995	1.0000
129.2379	1.0001
129.2762	1.0002
129.3146	1.0003
129.3529	1.0004
129.3913	1.0005
129.4296	1.0005
129.4680	1.0005
129.5063	1.0004
129.5447	1.0003
129.5830	1.0001
129.6214	0.9999
129.6597	0.9996
129.6981	0.9995
129.7364	0.9993
129.7748	0.9992
129.8131	0.9992
129.8515	0.9993
129.8898	0.9995
129.9282	0.9997
129.9665	1.0000
130.0049	1.0003
130.0432	1.0005
130.0816	1.0007
130.1199	1.0008
130.1583	1.0008
130.1966	1.0007
130.2350	1.0005
130.2733	1.0002
130.3117	1.0000
130.3500	0.9997
130.3884	0.9995
130.4267	0.9994
130.4651	0.9993
130.5034	0.9994
130.5418	0.9995
130.5801	0.9997
130.6185	0.9999
130.6568	1.0002
130.6952	1.0004
130.7335	1.0006
130.7719	1.0007
130.8102	1.0007
130.8486	1.0007
130.8869	1.0006
130.9253	1.0004
130.9636	1.0001
131.0020	0.9999
131.0403	0.9997
131.0787	0.9995
131.1170	0.9993
131.1554	0.9992
131.1937	0.9992
131.2321	0.9993
131.2704	0.9994
131.3088	0.9996
131.3471	0.9998
131.3855	1.0001
131.4238	1.0003
131.4622	1.0005
131.5005	1.0007
131.5389	1.0009
131.5772	1.0009
131.6156	1.0009
131.6539	1.0007
131.6923	1.0006
131.7306	1.0003
131.7689	1.0000
131.8073	0.9997
131.8456	0.9994
131.8840	0.9992
131.9223	0.9990
131.9607	0.9990
131.9990	0.9990
132.0374	0.9992
132.0757	0.9994
132.1141	0.9997
132.1524	1.0001
132.1908	1.0004
132.2291	1.0008
132.2675	1.0010
132.3058	1.0011
132.3442	1.0011
132.3825	1.0010
132.4209	1.0007
132.4592	1.0004
132.4976	1.0000
132.5359	0.9996
132.5743	0.9993
132.6126	0.9990
132.6510	0.9989
132.6893	0.9989
132.7277	0.9990
132.7660	0.9992
132.8044	0.9996
132.8427	0.9999
132.8811	1.0003
132.9194	1.0006
132.9578	1.0008
132.9961	1.0009
133.0345	1.0009
133.0728	1.0008
133.1112	1.0006
133.1495	1.0003
133.1879	1.0000
133.2262	0.9997
133.2646	0.9995
133.3029	0.9994
133.3413	0.9994
133.3796	0.9994
133.4180	0.9995
133.4563	0.9997
133.4947	0.9999
133.5330	1.0001
133.5714	1.0003
133.6097	1.0004
133.6481	1.0005
133.6864	1.0005
133.7248	1.0004
133.7631	1.0003
133.8015	1.0002
133.8398	1.0000
133.8782	0.9999
133.9165	0.9998
133.9549	0.9997
133.9932	0.9997
134.0316	0.9997
134.0699	0.9998
134.1083	0.9999
134.1466	1.0000
134.1850	1.0000
134.2233	1.0001
134.2617	1.0001
134.3000	1.0001
134.3384	1.0001
134.3767	1.0001
134.4151	1.0001
134.4534	1.0000
134.4918	1.0000
134.5301	1.0000
134.5685	1.0000
134.6068	1.0000
134.6452	1.0000
134.6835	1.0000
134.7219	1.0000
134.7602	0.9999
134.7986	0.9999
134.8369	0.9999
134.8753	0.9998
134.9136	0.9998
134.9520	0.9999
134.9903	0.9999
135.0287	1.0000
135.0670	1.0000
135.1054	1.0001
135.1437	1.0002
135.1821	1.0003
135.2204	1.0004
135.2588	1.0004
135.2971	1.0004
135.3355	1.0003
135.3738	1.0002
135.4122	1.0001
135.4505	0.9999
135.4889	0.9997
135.5272	0.9996
135.5656	0.9995
135.6039	0.9995
135.6423	0.9995
135.6806	0.9995
135.7190	0.9997
135.7573	0.9998
135.7956	1.0000
135.8340	1.0002
135.8723	1.0003
135.9107	1.0004
135.9490	1.0005
135.9874	1.0005
136.0257	1.0004
136.0641	1.0003
136.1024	1.0001
136.1408	1.0000
136.1791	0.9998
136.2175	0.9997
136.2558	0.9996
136.2942	0.9996
136.3325	0.9996
136.3709	0.9996
136.4092	0.9998
136.4476	0.9999
136.4859	1.0001
136.5243	1.0003
136.5626	1.0004
136.6010	1.0006
136.6393	1.0006
136.6777	1.0006
136.7160	1.0005
136.7544	1.0004
136.7927	1.0002
136.8311	1.0000
136.8694	0.9998
136.9078	0.9996
136.9461	0.9994
136.9845	0.9993
137.0228	0.9993
137.0612	0.9993
137.0995	0.9995
137.1379	0.9996
137.1762	0.9998
137.2146	1.0000
137.2529	1.0003
137.2913	1.0004
137.3296	1.0005
137.3680	1.0006
137.4063	1.0005
137.4447	1.0004
137.4830	1.0002
137.5214	1.0000
137.5597	0.9998
137.5981	0.9997
137.6364	0.9996
137.6748	0.9995
137.7131	0.9995
137.7515	0.9996
137.7898	0.9998
137.8282	1.0000
137.8665	1.0003
137.9049	1.0005
137.9432	1.0006
137.9816	1.0007
138.0199	1.0007
138.0583	1.0006
138.0966	1.0004
138.1350	1.0002
138.1733	0.9999
138.2117	0.9996
138.2500	0.9994
138.2884	0.9992
138.3267	0.9992
138.3651	0.9992
138.4034	0.9993
138.4418	0.9995
138.4801	0.9998
138.5185	1.0000
138.5568	1.0003
138.5952	1.0004
138.6335	1.0005
138.6719	1.0006
138.7102	1.0005
138.7486	1.0004
138.7869	1.0002
138.8253	1.0000
138.8636	0.9998
138.9020	0.9997
138.9403	0.9997
138.9787	0.9997
139.0170	0.9998
139.0554	1.0000
139.0937	1.0001
139.1321	1.0003
139.1704	1.0004
139.2088	1.0005
139.2471	1.0005
139.2855	1.0004
139.3238	1.0003
139.3622	1.0001
139.4005	0.9999
139.4389	0.9997
139.4772	0.9995
139.5156	0.9994
139.5539	0.9994
139.5923	0.9995
139.6306	0.9996
139.6690	0.9998
139.7073	1.0000
139.7456	1.0002
139.7840	1.0004
139.8223	1.0004
139.8607	1.0004
139.8990	1.0004
139.9374	1.0002
139.9757	1.0000
140.0141	0.9999
140.0524	0.9997
140.0908	0.9996
140.1291	0.9996
140.1675	0.9996
140.2058	0.9998
140.2442	1.0000
140.2825	1.0002
140.3209	1.0004
140.3592	1.0005
140.3976	1.0006
140.4359	1.0006
140.4743	1.0005
140.5126	1.0003
140.5510	1.0001
140.5893	0.9998
140.6277	0.9996
140.6660	0.9994
140.7044	0.9993
140.7427	0.9993
140.7811	0.9993
140.8194	0.9995
140.8578	0.9998
140.8961	1.0001
140.9345	1.0003
140.9728	1.0006
141.0112	1.0007
141.0495	1.0008
141.0879	1.0007
141.1262	1.0006
141.1646	1.0003
141.2029	1.0001
141.2413	0.9998
141.2796	0.9995
141.3180	0.9993
141.3563	0.9992
141.3947	0.9993
141.4330	0.9994
141.4714	0.9996
141.5097	0.9998
141.5481	1.0001
141.5864	1.0003
141.6248	1.0005
141.6631	1.0006
141.7015	1.0006
141.7398	1.0006
141.7782	1.0004
141.8165	1.0002
141.8549	1.0000
141.8932	0.9998
141.9316	0.9996
141.9699	0.9995
142.0083	0.9994
142.0466	0.9995
142.0850	0.9996
142.1233	0.9997
142.1617	0.9999
142.2000	1.0001
142.2384	1.0003
142.2767	1.0004
142.3151	1.0005
142.3534	1.0005
142.3918	1.0004
142.4301	1.0003
142.4685	1.0002
142.5068	1.0000
142.5452	0.9999
142.5835	0.9997
142.6219	0.9996
142.6602	0.9996
142.6986	0.9996
142.7369	0.9996
142.7753	0.9997
142.8136	0.9998
142.8520	0.9999
142.8903	1.0001
142.9287	1.0002
142.9670	1.0002
143.0054	1.0003
143.0437	1.0003
143.0821	1.0003
143.1204	1.0002
143.1588	1.0002
143.1971	1.0001
143.2355	1.0001
143.2738	1.0000
143.3122	1.0000
143.3505	1.0000
143.3889	0.9999
143.4272	0.9999
143.4656	0.9999
143.5039	0.9999
143.5423	0.9998
143.5806	0.9998
143.6190	0.9998
143.6573	0.9998
143.6957	0.9998
143.7340	0.9998
143.7723	0.9998
143.8107	0.9999
143.8490	1.0000
143.8874	1.0001
143.9257	1.0002
143.9641	1.0003
144.0024	1.0004
144.0408	1.0005
144.0791	1.0005
144.1175	1.0005
144.1558	1.0004
144.1942	1.0003
144.2325	1.0002
144.2709	1.0000
144.3092	0.9998
144.3476	0.9996
144.3859	0.9994
144.4243	0.9993
144.4626	0.9993
144.5010	0.9993
144.5393	0.9994
144.5777	0.9995
144.6160	0.9998
144.6544	1.0000
144.6927	1.0003
144.7311	1.0005
144.7694	1.0007
144.8078	1.0008
144.8461	1.0008
144.8845	1.0008
144.9228	1.0006
144.9612	1.0004
144.9995	1.0002
145.0379	0.9999
145.0762	0.9996
145.1146	0.9995
145.1529	0.9993
145.1913	0.9993
145.2296	0.9993
145.2680	0.9995
145.3063	0.9997
145.3447	0.9999
145.3830	1.0001
145.4214	1.0003
145.4597	1.0004
145.4981	1.0005
145.5364	1.0005
145.5748	1.0004
145.6131	1.0003
145.6515	1.0001
145.6898	0.9999
145.7282	0.9997
145.7665	0.9996
145.8049	0.9995
145.8432	0.9995
145.8816	0.9996
145.9199	0.9997
145.9583	0.9999
145.9966	1.0001
146.0350	1.0002
146.0733	1.0004
146.1117	1.0005
146.1500	1.0006
146.1884	1.0005
146.2267	1.0005
146.2651	1.0004
146.3034	1.0002
146.3418	1.0001
146.3801	0.9999
146.4185	0.9998
146.4568	0.9997
146.4952	0.9997
146.5335	0.9997
146.5719	0.9997
146.6102	0.9998
146.6486	0.9998
146.6869	0.9999
146.7253	0.9999
146.7636	0.9999
146.8020	0.9999
146.8403	1.0000
146.8787	1.0000
146.9170	1.0000
146.9554	1.0001
146.9937	1.0001
147.0321	1.0002
147.0704	1.0002
147.1088	1.0003
147.1471	1.0003
147.1855	1.0003
147.2238	1.0002
147.2622	1.0001
147.3005	1.0000
147.3389	0.9998
147.3772	0.9997
147.4156	0.9996
147.4539	0.9995
147.4923	0.9994
147.5306	0.9995
147.5690	0.9996
147.6073	0.9998
147.6457	1.0000
147.6840	1.0002
147.7223	1.0004
147.7607	1.0006
147.7990	1.0007
147.8374	1.0007
147.8757	1.0007
147.9141	1.0005
147.9524	1.0003
147.9908	1.0001
148.0291	0.9998
148.0675	0.9996
148.1058	0.9994
148.1442	0.9993
148.1825	0.9993
148.2209	0.9994
148.2592	0.9996
148.2976	0.9998
148.3359	1.0000
148.3743	1.0003
148.4126	1.0005
148.4510	1.0006
148.4893	1.0007
148.5277	1.0006
148.5660	1.0005
148.6044	1.0003
148.6427	1.0001
148.6811	0.9999
148.7194	0.9997
148.7578	0.9995
148.7961	0.9994
148.8345	0.9994
148.8728	0.9994
148.9112	0.9996
148.9495	0.9997
148.9879	0.9999
149.0262	1.0000
149.0646	1.0002
149.1029	1.0003
149.1413	1.0003
149.1796	1.0003
149.2180	1.0003
149.2563	1.0002
149.2947	1.0001
149.3330	1.0001
149.3714	1.0000
149.4097	1.0000
149.4481	1.0000
149.4864	1.0000
149.5248	1.0000
149.5631	1.0000
149.6015	1.0000
149.6398	1.0000
149.6782	1.0000
149.7165	1.0000
149.7549	1.0000
149.7932	0.9999
149.8316	0.9999
149.8699	0.9999
149.9083	0.9998
149.9466	0.9999
149.9850	0.9999
150.0233	0.9999
150.0617	1.0000
150.1000	1.0001
150.1384	1.0001
150.1767	1.0002
150.2151	1.0002
150.2534	1.0002
150.2918	1.0002
150.3301	1.0001
150.3685	1.0001
150.4068	1.0000
150.4452	0.9999
150.4835	0.9998
150.5219	0.9998
150.5602	0.9998
150.5986	0.9998
150.6369	0.9998
150.6753	0.9998
150.7136	0.9999
150.7520	1.0000
150.7903	1.0000
150.8287	1.0001
150.8670	1.0001
150.9054	1.0001
150.9437	1.0001
150.9821	1.0001
151.0204	1.0001
151.0588	1.0001
151.0971	1.0001
151.1355	1.0001
151.1738	1.0001
151.2122	1.0001
151.2505	1.0001
151.2889	1.0001
151.3272	1.0000
151.3656	1.0000
151.4039	0.9999
151.4423	0.9998
151.4806	0.9998
151.5190	0.9998
151.5573	0.9998
151.5957	0.9998
151.6340	0.9998
151.6724	0.9999
151.7107	1.0000
151.7490	1.0001
151.7874	1.0002
151.8257	1.0003
151.8641	1.0003
151.9024	1.0003
151.9408	1.0003
151.9791	1.0002
152.0175	1.0001
152.0558	1.0000
152.0942	0.9999
152.1325	0.9998
152.1709	0.9997
152.2092	0.9997
152.2476	0.9997
152.2859	0.9998
152.3243	0.9999
152.3626	1.0000
152.4010	1.0001
152.4393	1.0002
152.4777	1.0003
152.5160	1.0003
152.5544	1.0003
152.5927	1.0003
152.6311	1.0002
152.6694	1.0001
152.7078	0.9999
152.7461	0.9998
152.7845	0.9997
152.8228	0.9997
152.8612	0.9997
152.8995	0.9997
152.9379	0.9998
152.9762	0.9999
153.0146	1.0000
153.0529	1.0001
153.0913	1.0002
153.1296	1.0002
153.1680	1.0002
153.2063	1.0002
153.2447	1.0002
153.2830	1.0001
153.3214	1.0000
153.3597	1.0000
153.3981	0.9999
153.4364	0.9999
153.4748	0.9998
153.5131	0.9999
153.5515	0.9999
153.5898	0.9999
153.6282	1.0000
153.6665	1.0000
153.7049	1.0000
153.7432	1.0001
153.7816	1.0001
153.8199	1.0001
153.8583	1.0000
153.8966	1.0000
153.9350	1.0000
153.9733	1.0000
154.0117	0.9999
154.0500	0.9999
154.0884	1.0000
154.1267	1.0000
154.1651	1.0000
154.2034	1.0001
154.2418	1.0001
154.2801	1.0001
154.3185	1.0001
154.3568	1.0001
154.3952	1.0001
154.4335	1.0000
154.4719	1.0000
154.5102	1.0000
154.5486	1.0000
154.5869	1.0000
154.6253	1.0000
154.6636	1.0000
154.7020	1.0000
154.7403	1.0000
154.7787	1.0000
154.8170	1.0000
154.8554	1.0000
154.8937	1.0000
154.9321	0.9999
154.9704	0.9999
155.0088	0.9998
155.0471	0.9998
155.0855	0.9998
155.1238	0.9998
155.1622	0.9999
155.2005	0.9999
155.2389	1.0000
155.2772	1.0001
155.3156	1.0002
155.3539	1.0002
155.3923	1.0003
155.4306	1.0003
155.4690	1.0003
155.5073	1.0002
155.5457	1.0001
155.5840	1.0000
155.6224	0.9999
155.6607	0.9998
155.6990	0.9998
155.7374	0.9997
155.7757	0.9997
155.8141	0.9998
155.8524	0.9998
155.8908	0.9999
155.9291	1.0000
155.9675	1.0001
156.0058	1.0002
156.0442	1.0003
156.0825	1.0003
156.1209	1.0003
156.1592	1.0002
156.1976	1.0001
156.2359	1.0000
156.2743	1.0000
156.3126	0.9999
156.3510	0.9998
156.3893	0.9998
156.4277	0.9998
156.4660	0.9998
156.5044	0.9998
156.5427	0.9999
156.5811	0.9999
156.6194	1.0000
156.6578	1.0001
156.6961	1.0001
156.7345	1.0001
156.7728	1.0001
156.8112	1.0001
156.8495	1.0001
156.8879	1.0001
156.9262	1.0000
156.9646	1.0000
157.0029	1.0000
157.0413	1.0000
157.0796	0.0000
